2 0.571875 0.195000 0.038750 0.033333
2 0.571875 0.265000 0.033750 0.030000
2 0.567500 0.330833 0.035000 0.035000
2 0.650625 0.275000 0.038750 0.030000
2 0.645000 0.343333 0.032500 0.030000
1 0.545625 0.362500 0.051250 0.028333
1 0.542500 0.411667 0.057500 0.026667
1 0.542500 0.463333 0.057500 0.033333
1 0.541875 0.508333 0.053750 0.023333
1 0.541875 0.555833 0.053750 0.021667
1 0.542500 0.600833 0.050000 0.025000
1 0.543750 0.648333 0.050000 0.026667
1 0.546250 0.695000 0.050000 0.026667
1 0.549375 0.738333 0.051250 0.026667
1 0.623750 0.378333 0.042500 0.023333
1 0.620000 0.440000 0.052500 0.033333
1 0.622500 0.500000 0.050000 0.030000
1 0.620000 0.557500 0.047500 0.031667
1 0.620000 0.612500 0.047500 0.028333
1 0.622500 0.667500 0.045000 0.021667
1 0.621875 0.721667 0.041250 0.026667
0 0.745625 0.278333 0.083750 0.030000
0 0.744375 0.335833 0.071250 0.025000
3 0.753125 0.361667 0.066250 0.026667
3 0.744375 0.413333 0.071250 0.026667
3 0.744375 0.460833 0.066250 0.028333
3 0.740000 0.510833 0.067500 0.025000
3 0.738750 0.555833 0.067500 0.021667
3 0.735000 0.598333 0.062500 0.026667
3 0.731875 0.643333 0.063750 0.026667
3 0.733125 0.685000 0.068750 0.023333
3 0.731875 0.729167 0.071250 0.025000
