2 0.386667 0.256250 0.160000 0.062500
0 0.471667 0.369375 0.286667 0.061250
0 0.488333 0.456875 0.266667 0.048750
2 0.457500 0.521250 0.198333 0.085000
2 0.467500 0.605625 0.188333 0.086250
2 0.489167 0.681875 0.185000 0.068750
2 0.500000 0.745625 0.186667 0.063750
2 0.515833 0.813125 0.168333 0.063750
2 0.521667 0.874375 0.170000 0.061250
1 0.818333 0.881250 0.106667 0.027500
1 0.807500 0.825000 0.115000 0.027500
1 0.805000 0.771875 0.110000 0.028750
1 0.803333 0.711875 0.123333 0.031250
1 0.800833 0.655625 0.121667 0.031250
1 0.795833 0.582500 0.125000 0.030000
1 0.796667 0.517500 0.126667 0.032500
3 0.856667 0.434375 0.200000 0.043750
1 0.788333 0.346250 0.150000 0.047500
0 0.847500 0.286250 0.238333 0.052500
0 0.798333 0.189375 0.323333 0.081250
