1 0.374375 0.439167 0.048750 0.055000
1 0.374375 0.534167 0.048750 0.051667
1 0.375000 0.625000 0.050000 0.043333
1 0.376250 0.712500 0.045000 0.041667
1 0.380000 0.793333 0.040000 0.043333
2 0.375000 0.195000 0.032500 0.050000
2 0.378125 0.318333 0.031250 0.040000
2 0.534375 0.333333 0.106250 0.106667
2 0.538125 0.486667 0.106250 0.100000
2 0.541875 0.640000 0.103750 0.113333
2 0.538125 0.786667 0.101250 0.123333
2 0.546250 0.930000 0.100000 0.136667
0 0.556875 0.202500 0.156250 0.098333
0 0.694375 0.185000 0.123750 0.096667
2 0.725000 0.345000 0.052500 0.060000
2 0.724375 0.496667 0.048750 0.056667
2 0.725000 0.656667 0.045000 0.050000
2 0.723125 0.802500 0.046250 0.051667
2 0.723750 0.950000 0.045000 0.053333
1 0.853750 0.279167 0.057500 0.055000
1 0.857500 0.415833 0.062500 0.061667
1 0.857500 0.545000 0.065000 0.060000
1 0.858125 0.670000 0.061250 0.070000
1 0.856875 0.794167 0.051250 0.068333
1 0.838125 0.203333 0.073750 0.060000
