5 0.040000 0.201667 0.072500 0.106667
5 0.341875 0.148333 0.093750 0.120000
0 0.506875 0.584167 0.036250 0.011667
0 0.505000 0.609167 0.032500 0.011667
0 0.503750 0.635833 0.035000 0.011667
0 0.546250 0.612500 0.042500 0.018333
0 0.545000 0.637500 0.042500 0.015000
0 0.543750 0.663333 0.045000 0.020000
0 0.542500 0.690833 0.045000 0.018333
1 0.548125 0.575000 0.021250 0.010000
2 0.590625 0.604167 0.018750 0.015000
2 0.590625 0.624167 0.018750 0.015000
2 0.593750 0.647500 0.022500 0.018333
2 0.595000 0.675833 0.022500 0.015000
2 0.531875 0.710000 0.023750 0.020000
2 0.530625 0.737500 0.021250 0.015000
2 0.529375 0.765833 0.021250 0.018333
2 0.527500 0.792500 0.022500 0.018333
2 0.526875 0.820833 0.021250 0.018333
2 0.526250 0.851667 0.022500 0.020000
1 0.588750 0.695833 0.020000 0.011667
1 0.588750 0.718333 0.020000 0.010000
1 0.588125 0.740000 0.018750 0.010000
1 0.588125 0.761667 0.021250 0.010000
1 0.587500 0.783333 0.022500 0.013333
1 0.585625 0.806667 0.021250 0.010000
1 0.585625 0.826667 0.021250 0.010000
1 0.585625 0.850833 0.021250 0.011667
