1 0.340625 0.500000 0.078750 0.043333
1 0.358125 0.600833 0.068750 0.045000
1 0.366875 0.689167 0.068750 0.038333
1 0.388125 0.770000 0.071250 0.040000
1 0.391250 0.840000 0.062500 0.033333
0 0.492500 0.549167 0.127500 0.031667
0 0.498750 0.642500 0.122500 0.038333
0 0.504375 0.720833 0.113750 0.035000
0 0.509375 0.806667 0.111250 0.033333
0 0.511875 0.876667 0.106250 0.026667
3 0.656875 0.421667 0.123750 0.033333
1 0.689375 0.504167 0.078750 0.028333
1 0.647500 0.587500 0.105000 0.035000
1 0.642500 0.659167 0.090000 0.038333
1 0.646250 0.733333 0.092500 0.036667
1 0.643750 0.795000 0.087500 0.036667
1 0.646250 0.852500 0.082500 0.031667
2 0.868125 0.452500 0.056250 0.038333
2 0.854375 0.538333 0.048750 0.036667
2 0.806875 0.588333 0.068750 0.046667
2 0.795625 0.678333 0.063750 0.040000
2 0.785000 0.770000 0.062500 0.040000
2 0.780000 0.844167 0.060000 0.041667
