0 0.528750 0.754167 0.030000 0.018333
0 0.571250 0.748333 0.035000 0.023333
0 0.530000 0.790833 0.032500 0.021667
2 0.539375 0.823333 0.018750 0.016667
2 0.544375 0.861667 0.016250 0.016667
2 0.570000 0.802500 0.015000 0.015000
1 0.568750 0.855000 0.022500 0.016667
1 0.610625 0.810000 0.023750 0.020000
1 0.609375 0.840000 0.018750 0.016667
1 0.610000 0.873333 0.017500 0.020000
1 0.660625 0.890833 0.021250 0.018333
1 0.697500 0.888333 0.020000 0.026667
0 0.696250 0.821667 0.030000 0.023333
1 0.692500 0.777500 0.035000 0.028333
1 0.644375 0.785000 0.041250 0.026667
1 0.650625 0.827500 0.041250 0.025000
