2 0.585625 0.310833 0.036250 0.031667
2 0.686250 0.480833 0.050000 0.031667
2 0.681875 0.530833 0.046250 0.038333
2 0.680625 0.576667 0.051250 0.036667
2 0.679375 0.624167 0.048750 0.038333
2 0.677500 0.670833 0.045000 0.038333
2 0.592500 0.578333 0.052500 0.036667
2 0.589375 0.624167 0.048750 0.035000
2 0.591875 0.670833 0.053750 0.035000
0 0.605625 0.360833 0.056250 0.021667
2 0.593125 0.460833 0.026250 0.015000
2 0.591250 0.510833 0.025000 0.018333
1 0.591875 0.386667 0.046250 0.026667
1 0.590000 0.426667 0.045000 0.026667
1 0.680000 0.320833 0.040000 0.021667
1 0.680625 0.370833 0.038750 0.025000
1 0.680625 0.421667 0.038750 0.026667
