2 0.340625 0.354167 0.058750 0.051667
2 0.340000 0.405833 0.057500 0.048333
2 0.549375 0.438333 0.026250 0.016667
2 0.550000 0.477500 0.025000 0.018333
2 0.548750 0.515833 0.025000 0.018333
2 0.550625 0.555000 0.023750 0.020000
2 0.550000 0.594167 0.025000 0.018333
2 0.549375 0.630833 0.028750 0.018333
2 0.551250 0.669167 0.017500 0.015000
2 0.553125 0.708333 0.021250 0.016667
2 0.551250 0.743333 0.017500 0.016667
2 0.550000 0.784167 0.017500 0.015000
2 0.603125 0.641667 0.023750 0.030000
2 0.600625 0.681667 0.028750 0.030000
2 0.600000 0.720000 0.022500 0.026667
2 0.598125 0.761667 0.021250 0.026667
2 0.598750 0.798333 0.022500 0.026667
1 0.600000 0.600000 0.022500 0.013333
1 0.645625 0.601667 0.028750 0.016667
0 0.603750 0.578333 0.045000 0.026667
0 0.643750 0.581667 0.032500 0.016667
0 0.605625 0.540000 0.051250 0.023333
0 0.645625 0.544167 0.033750 0.015000
2 0.595000 0.500833 0.025000 0.028333
2 0.593750 0.469167 0.027500 0.025000
