0 0.515833 0.343125 0.215000 0.041250
0 0.613333 0.431875 0.203333 0.038750
0 0.606667 0.527500 0.213333 0.042500
0 0.386667 0.519375 0.203333 0.038750
2 0.449167 0.422500 0.071667 0.027500
2 0.405000 0.656875 0.103333 0.033750
2 0.609167 0.667500 0.098333 0.042500
2 0.400000 0.746875 0.096667 0.046250
2 0.602500 0.756875 0.105000 0.036250
1 0.395000 0.568125 0.113333 0.041250
1 0.612500 0.575000 0.115000 0.042500
1 0.381667 0.838125 0.140000 0.038750
1 0.662500 0.847500 0.108333 0.027500
1 0.383333 0.895000 0.126667 0.037500
1 0.613333 0.910625 0.133333 0.036250
