3 0.284167 0.303125 0.051667 0.016250
3 0.285833 0.327500 0.051667 0.015000
3 0.351667 0.305000 0.050000 0.015000
3 0.351667 0.329375 0.050000 0.011250
3 0.283333 0.350000 0.053333 0.012500
3 0.353333 0.353750 0.053333 0.012500
3 0.285000 0.376250 0.056667 0.012500
3 0.353333 0.378750 0.046667 0.012500
3 0.283333 0.400625 0.046667 0.011250
3 0.355833 0.401250 0.051667 0.012500
3 0.283333 0.421875 0.050000 0.013750
3 0.356667 0.425000 0.053333 0.012500
3 0.284167 0.445625 0.048333 0.013750
3 0.353333 0.448125 0.046667 0.013750
3 0.310000 0.478750 0.050000 0.012500
3 0.309167 0.504375 0.055000 0.013750
3 0.312500 0.529375 0.055000 0.013750
3 0.312500 0.553125 0.055000 0.013750
3 0.315833 0.576875 0.051667 0.013750
3 0.241667 0.573750 0.053333 0.012500
3 0.243333 0.598125 0.056667 0.013750
3 0.244167 0.622500 0.051667 0.015000
3 0.451667 0.309375 0.050000 0.011250
3 0.450833 0.332500 0.048333 0.010000
3 0.450000 0.354375 0.046667 0.011250
3 0.449167 0.377500 0.048333 0.015000
3 0.449167 0.399375 0.048333 0.013750
3 0.448333 0.420000 0.046667 0.012500
3 0.447500 0.441875 0.048333 0.011250
3 0.448333 0.462500 0.043333 0.012500
2 0.437500 0.495000 0.028333 0.012500
2 0.435000 0.523125 0.023333 0.011250
2 0.438333 0.551250 0.026667 0.012500
2 0.437500 0.579375 0.028333 0.013750
2 0.507500 0.525625 0.028333 0.013750
2 0.505833 0.553125 0.025000 0.013750
2 0.503333 0.581875 0.023333 0.016250
2 0.521667 0.461875 0.020000 0.011250
2 0.523333 0.435625 0.023333 0.008750
2 0.523333 0.407500 0.030000 0.012500
2 0.579167 0.407500 0.021667 0.010000
2 0.578333 0.433750 0.020000 0.007500
2 0.577500 0.462500 0.025000 0.010000
2 0.575000 0.488125 0.023333 0.011250
2 0.575833 0.515000 0.021667 0.010000
2 0.573333 0.540625 0.023333 0.008750
2 0.568333 0.567500 0.023333 0.007500
1 0.662500 0.451875 0.075000 0.016250
1 0.658333 0.538750 0.066667 0.017500
