1 0.425000 0.231667 0.102500 0.073333
1 0.438125 0.340000 0.073750 0.053333
1 0.435625 0.430833 0.071250 0.051667
1 0.433125 0.518333 0.068750 0.046667
1 0.428750 0.605833 0.067500 0.041667
1 0.428125 0.692500 0.068750 0.045000
1 0.423750 0.780000 0.070000 0.040000
1 0.420000 0.868333 0.067500 0.040000
2 0.636875 0.898333 0.118750 0.086667
0 0.651250 0.798333 0.160000 0.066667
0 0.656250 0.678333 0.167500 0.060000
2 0.637500 0.502500 0.065000 0.048333
1 0.631250 0.397500 0.095000 0.061667
0 0.673750 0.329167 0.140000 0.045000
2 0.627500 0.203333 0.080000 0.060000
1 0.966875 0.581667 0.041250 0.026667
1 0.970625 0.516667 0.036250 0.020000
1 0.973750 0.441667 0.037500 0.026667
1 0.976875 0.366667 0.043750 0.016667
1 0.979375 0.295833 0.041250 0.021667
1 0.970625 0.239167 0.036250 0.018333
