1 0.605000 0.335833 0.055000 0.031667
1 0.608750 0.388333 0.055000 0.033333
1 0.608750 0.437500 0.047500 0.031667
1 0.606250 0.488333 0.050000 0.030000
1 0.608750 0.537500 0.055000 0.031667
1 0.611250 0.584167 0.052500 0.035000
1 0.612500 0.630000 0.055000 0.030000
1 0.611250 0.679167 0.050000 0.031667
1 0.611875 0.722500 0.051250 0.028333
1 0.611250 0.764167 0.052500 0.028333
1 0.610000 0.810000 0.055000 0.026667
1 0.486875 0.385833 0.048750 0.028333
1 0.489375 0.446667 0.043750 0.030000
1 0.491875 0.507500 0.043750 0.035000
1 0.495000 0.565833 0.045000 0.028333
2 0.472500 0.343333 0.057500 0.043333
3 0.448750 0.286667 0.065000 0.030000
0 0.392500 0.360000 0.090000 0.023333
2 0.387500 0.404167 0.075000 0.055000
2 0.392500 0.465000 0.077500 0.060000
2 0.396250 0.517500 0.075000 0.055000
2 0.398750 0.570833 0.070000 0.051667
1 0.250000 0.470833 0.030000 0.015000
1 0.248750 0.505833 0.030000 0.021667
1 0.251250 0.545000 0.030000 0.026667
1 0.256250 0.582500 0.032500 0.028333
1 0.262500 0.609167 0.032500 0.018333
1 0.200000 0.468333 0.025000 0.016667
1 0.203125 0.502500 0.026250 0.018333
1 0.180000 0.542500 0.032500 0.035000
1 0.149375 0.466667 0.026250 0.020000
1 0.153125 0.500000 0.023750 0.020000
1 0.185000 0.571667 0.027500 0.023333
1 0.170000 0.597500 0.025000 0.015000
1 0.214375 0.601667 0.026250 0.016667
1 0.188125 0.423333 0.026250 0.016667
1 0.303750 0.337500 0.027500 0.015000
1 0.308125 0.400000 0.026250 0.013333
