1 0.490625 0.545833 0.021250 0.011667
1 0.545625 0.549167 0.023750 0.011667
1 0.491250 0.620833 0.022500 0.011667
1 0.546250 0.627500 0.025000 0.011667
1 0.491875 0.694167 0.021250 0.015000
1 0.548750 0.705833 0.030000 0.015000
1 0.490625 0.770833 0.023750 0.015000
1 0.545625 0.780833 0.021250 0.015000
1 0.646250 0.549167 0.022500 0.011667
1 0.647500 0.620000 0.025000 0.020000
1 0.645625 0.696667 0.023750 0.016667
1 0.737500 0.547500 0.027500 0.015000
1 0.738750 0.620000 0.027500 0.016667
1 0.737500 0.691667 0.027500 0.016667
1 0.695000 0.532500 0.015000 0.015000
1 0.694375 0.607500 0.013750 0.015000
1 0.695000 0.681667 0.012500 0.016667
1 0.595000 0.533333 0.020000 0.020000
1 0.594375 0.609167 0.016250 0.015000
1 0.596250 0.687500 0.017500 0.018333
1 0.596875 0.767500 0.018750 0.021667
