2 0.574375 0.375833 0.031250 0.025000
2 0.581875 0.445833 0.031250 0.028333
2 0.586875 0.510000 0.028750 0.030000
2 0.588750 0.585833 0.040000 0.038333
2 0.590000 0.646667 0.035000 0.040000
2 0.588125 0.714167 0.031250 0.038333
2 0.640625 0.380000 0.043750 0.030000
2 0.644375 0.457500 0.041250 0.031667
2 0.650000 0.531667 0.035000 0.033333
2 0.648125 0.597500 0.038750 0.041667
2 0.651875 0.671667 0.038750 0.030000
2 0.650625 0.737500 0.028750 0.035000
2 0.717500 0.469167 0.042500 0.035000
2 0.720625 0.551667 0.041250 0.030000
2 0.719375 0.631667 0.038750 0.043333
2 0.721875 0.705833 0.036250 0.048333
2 0.722500 0.781667 0.040000 0.043333
2 0.811250 0.754167 0.047500 0.048333
2 0.808125 0.826667 0.043750 0.050000
2 0.718125 0.390000 0.041250 0.046667
3 0.186250 0.456667 0.025000 0.023333
3 0.187500 0.500000 0.027500 0.026667
3 0.188750 0.538333 0.022500 0.023333
3 0.191250 0.578333 0.022500 0.023333
3 0.193750 0.620833 0.025000 0.031667
3 0.200000 0.661667 0.025000 0.026667
3 0.198750 0.695833 0.022500 0.025000
3 0.201250 0.735833 0.022500 0.031667
3 0.203750 0.773333 0.020000 0.030000
