0 0.486250 0.542500 0.037500 0.018333
0 0.531250 0.550000 0.042500 0.013333
1 0.577500 0.511667 0.022500 0.016667
3 0.595000 0.565000 0.030000 0.013333
3 0.592500 0.587500 0.032500 0.011667
3 0.596250 0.613333 0.032500 0.016667
3 0.593750 0.635833 0.032500 0.015000
3 0.597500 0.660000 0.042500 0.016667
2 0.483750 0.623333 0.027500 0.023333
2 0.485000 0.650833 0.027500 0.021667
2 0.524375 0.565000 0.021250 0.016667
2 0.523750 0.586667 0.020000 0.013333
2 0.525625 0.610000 0.021250 0.020000
2 0.484375 0.562500 0.023750 0.025000
2 0.485000 0.590000 0.025000 0.016667
2 0.525000 0.630000 0.022500 0.016667
2 0.525625 0.655000 0.021250 0.013333
