0 0.501875 0.424167 0.038750 0.018333
0 0.501250 0.451667 0.040000 0.013333
0 0.500000 0.480833 0.037500 0.011667
0 0.545000 0.454167 0.047500 0.015000
0 0.545000 0.480833 0.047500 0.015000
1 0.591875 0.471667 0.023750 0.016667
1 0.594375 0.499167 0.021250 0.015000
2 0.525625 0.511667 0.018750 0.013333
2 0.522500 0.532500 0.020000 0.015000
2 0.531250 0.559167 0.027500 0.021667
2 0.528750 0.590833 0.025000 0.018333
2 0.526875 0.620833 0.028750 0.021667
2 0.525000 0.649167 0.027500 0.021667
2 0.525000 0.680000 0.025000 0.023333
2 0.524375 0.709167 0.026250 0.021667
2 0.582500 0.533333 0.027500 0.020000
2 0.580625 0.565000 0.028750 0.023333
2 0.580625 0.597500 0.031250 0.021667
2 0.578125 0.624167 0.026250 0.021667
2 0.576875 0.655833 0.026250 0.021667
2 0.575625 0.685833 0.026250 0.018333
2 0.574375 0.715833 0.026250 0.018333
0 0.605000 0.457500 0.032500 0.011667
