0 0.410833 0.251250 0.141667 0.045000
1 0.596667 0.315000 0.136667 0.040000
0 0.420833 0.332500 0.158333 0.040000
0 0.275833 0.371875 0.111667 0.041250
2 0.616667 0.128125 0.160000 0.031250
0 0.476667 0.418750 0.070000 0.055000
3 0.437500 0.468750 0.108333 0.032500
3 0.437500 0.540625 0.091667 0.026250
3 0.456667 0.608125 0.096667 0.033750
0 0.349167 0.559375 0.045000 0.056250
0 0.337500 0.625000 0.035000 0.040000
0 0.336667 0.677500 0.033333 0.037500
0 0.343333 0.723125 0.030000 0.036250
0 0.339167 0.769375 0.028333 0.036250
0 0.345833 0.812500 0.031667 0.037500
0 0.350000 0.851250 0.033333 0.030000
3 0.493333 0.673750 0.076667 0.030000
3 0.494167 0.721875 0.071667 0.021250
3 0.506667 0.769375 0.080000 0.023750
3 0.504167 0.812500 0.075000 0.025000
3 0.504167 0.855000 0.075000 0.027500
0 0.636667 0.451250 0.066667 0.067500
1 0.596667 0.394375 0.153333 0.038750
3 0.655000 0.503125 0.093333 0.031250
3 0.652500 0.561875 0.085000 0.033750
3 0.651667 0.616875 0.090000 0.028750
3 0.663333 0.673750 0.090000 0.030000
3 0.662500 0.730000 0.095000 0.035000
3 0.674167 0.781250 0.091667 0.037500
3 0.677500 0.833750 0.095000 0.032500
3 0.683333 0.884375 0.086667 0.026250
