2 0.429167 0.176875 0.091667 0.048750
2 0.628333 0.197500 0.086667 0.045000
2 0.620833 0.075000 0.091667 0.047500
2 0.459167 0.358750 0.075000 0.032500
2 0.315000 0.358750 0.063333 0.030000
2 0.163333 0.293125 0.056667 0.033750
2 0.337500 0.428125 0.075000 0.031250
2 0.482500 0.436875 0.078333 0.036250
2 0.361667 0.489375 0.063333 0.028750
2 0.380000 0.550625 0.056667 0.033750
2 0.400000 0.602500 0.056667 0.040000
2 0.417500 0.654375 0.048333 0.026250
2 0.544167 0.525000 0.045000 0.025000
2 0.690000 0.416250 0.060000 0.030000
2 0.926667 0.251875 0.103333 0.043750
2 0.939167 0.359375 0.105000 0.046250
2 0.940833 0.452500 0.091667 0.035000
1 0.895833 0.500000 0.128333 0.045000
1 0.891667 0.575000 0.116667 0.045000
1 0.950000 0.645625 0.100000 0.041250
1 0.948333 0.696250 0.100000 0.037500
1 0.944167 0.753750 0.111667 0.047500
1 0.735000 0.718125 0.080000 0.031250
1 0.729167 0.668750 0.085000 0.037500
1 0.735833 0.623125 0.095000 0.033750
1 0.721667 0.570625 0.090000 0.033750
1 0.717500 0.515625 0.088333 0.031250
1 0.714167 0.451875 0.095000 0.026250
1 0.652500 0.294375 0.105000 0.041250
1 0.449167 0.274375 0.095000 0.041250
1 0.550833 0.550625 0.081667 0.026250
1 0.561667 0.597500 0.080000 0.030000
1 0.561667 0.641875 0.066667 0.028750
1 0.577500 0.687500 0.071667 0.030000
