1 0.566875 0.376667 0.026250 0.020000
1 0.567500 0.401667 0.025000 0.020000
1 0.568750 0.425000 0.025000 0.023333
1 0.568125 0.447500 0.023750 0.018333
1 0.566250 0.471667 0.025000 0.023333
1 0.567500 0.497500 0.022500 0.021667
1 0.568125 0.518333 0.026250 0.020000
1 0.567500 0.540833 0.022500 0.021667
1 0.567500 0.563333 0.025000 0.023333
1 0.566250 0.586667 0.022500 0.020000
1 0.567500 0.610000 0.025000 0.026667
3 0.495000 0.350000 0.030000 0.013333
2 0.461875 0.406667 0.036250 0.030000
0 0.464375 0.384167 0.046250 0.015000
2 0.463125 0.435000 0.036250 0.026667
2 0.463125 0.462500 0.036250 0.025000
2 0.465000 0.490000 0.037500 0.030000
2 0.504375 0.375000 0.028750 0.016667
