0 0.596250 0.560000 0.052500 0.023333
2 0.605625 0.600000 0.021250 0.016667
1 0.590625 0.625833 0.031250 0.018333
1 0.590000 0.668333 0.035000 0.020000
0 0.588125 0.736667 0.051250 0.030000
1 0.585000 0.802500 0.032500 0.018333
1 0.583750 0.847500 0.035000 0.021667
2 0.656250 0.607500 0.032500 0.028333
0 0.671250 0.659167 0.052500 0.025000
0 0.659375 0.699167 0.076250 0.035000
1 0.658750 0.721667 0.030000 0.020000
1 0.656250 0.758333 0.030000 0.020000
1 0.653750 0.794167 0.027500 0.018333
1 0.654375 0.830833 0.031250 0.018333
1 0.655625 0.865833 0.031250 0.021667
