1 0.315000 0.365833 0.050000 0.031667
1 0.400625 0.367500 0.048750 0.028333
1 0.485000 0.362500 0.045000 0.021667
1 0.403125 0.416667 0.051250 0.023333
1 0.481250 0.411667 0.045000 0.030000
1 0.481250 0.460000 0.045000 0.023333
1 0.398750 0.463333 0.045000 0.023333
1 0.315625 0.467500 0.043750 0.021667
1 0.314375 0.515833 0.046250 0.025000
1 0.397500 0.511667 0.042500 0.026667
1 0.479375 0.505833 0.046250 0.021667
1 0.480000 0.552500 0.045000 0.021667
1 0.404375 0.560000 0.051250 0.030000
1 0.316875 0.564167 0.048750 0.025000
1 0.322500 0.612500 0.045000 0.021667
1 0.404375 0.605833 0.048750 0.025000
1 0.485000 0.600000 0.042500 0.026667
1 0.483125 0.644167 0.043750 0.018333
1 0.405625 0.651667 0.048750 0.020000
1 0.325000 0.655000 0.047500 0.023333
1 0.324375 0.701667 0.043750 0.026667
1 0.406250 0.695833 0.045000 0.025000
1 0.486250 0.695000 0.045000 0.026667
1 0.326875 0.743333 0.041250 0.020000
1 0.408750 0.741667 0.045000 0.023333
1 0.485625 0.737500 0.043750 0.021667
1 0.485625 0.780833 0.043750 0.018333
1 0.408125 0.782500 0.043750 0.018333
1 0.331250 0.787500 0.047500 0.021667
2 0.593750 0.731667 0.030000 0.056667
2 0.590625 0.785000 0.028750 0.046667
2 0.663750 0.613333 0.030000 0.050000
2 0.663750 0.667500 0.030000 0.048333
2 0.660000 0.724167 0.030000 0.045000
2 0.660000 0.779167 0.027500 0.045000
1 0.711875 0.707500 0.046250 0.025000
1 0.708125 0.765833 0.046250 0.021667
0 0.645625 0.572500 0.071250 0.028333
1 0.453750 0.307500 0.055000 0.031667
