2 0.401875 0.103333 0.051250 0.056667
2 0.412500 0.181667 0.062500 0.076667
2 0.418125 0.264167 0.063750 0.075000
2 0.423125 0.340000 0.061250 0.076667
3 0.359375 0.195000 0.046250 0.033333
0 0.519375 0.216667 0.111250 0.043333
1 0.513125 0.263333 0.048750 0.043333
1 0.516875 0.348333 0.046250 0.036667
1 0.525000 0.428333 0.047500 0.036667
1 0.658750 0.435833 0.050000 0.025000
1 0.805000 0.420833 0.032500 0.035000
1 0.800625 0.495833 0.036250 0.031667
1 0.799375 0.560833 0.028750 0.038333
1 0.353750 0.252500 0.025000 0.028333
1 0.355625 0.305833 0.026250 0.031667
1 0.361250 0.359167 0.027500 0.028333
1 0.362500 0.412500 0.035000 0.028333
