2 0.560000 0.279375 0.136667 0.051250
2 0.579167 0.350625 0.165000 0.071250
2 0.582500 0.416875 0.155000 0.071250
0 0.606667 0.497500 0.200000 0.035000
0 0.613333 0.562500 0.196667 0.035000
2 0.588333 0.611250 0.146667 0.065000
2 0.603333 0.670625 0.150000 0.058750
2 0.605000 0.728125 0.150000 0.056250
2 0.604167 0.782500 0.141667 0.050000
2 0.606667 0.839375 0.136667 0.056250
1 0.844167 0.855625 0.088333 0.036250
1 0.845833 0.805000 0.091667 0.025000
1 0.842500 0.755625 0.091667 0.023750
1 0.841667 0.707500 0.083333 0.030000
1 0.846667 0.657500 0.090000 0.025000
1 0.850833 0.603125 0.088333 0.031250
1 0.844167 0.550625 0.095000 0.026250
3 0.900833 0.496875 0.151667 0.031250
1 0.815833 0.428750 0.101667 0.042500
0 0.868333 0.391875 0.166667 0.031250
0 0.830000 0.339375 0.233333 0.031250
