3 0.478125 0.503333 0.028750 0.024444
1 0.445000 0.528889 0.017500 0.013333
1 0.490625 0.536667 0.018750 0.015556
1 0.445625 0.556667 0.016250 0.015556
1 0.488750 0.571111 0.017500 0.017778
1 0.444375 0.586667 0.018750 0.017778
1 0.489375 0.611111 0.018750 0.017778
1 0.443125 0.614444 0.016250 0.015556
2 0.448750 0.646667 0.020000 0.017778
2 0.490625 0.644444 0.018750 0.017778
2 0.448750 0.680000 0.020000 0.022222
2 0.490000 0.723333 0.020000 0.028889
2 0.450000 0.720000 0.022500 0.026667
0 0.450000 0.760000 0.040000 0.026667
2 0.490625 0.758889 0.021250 0.024444
2 0.491250 0.686667 0.022500 0.026667
