2 0.288125 0.678333 0.131250 0.086667
2 0.285000 0.805000 0.122500 0.093333
2 0.288750 0.935000 0.127500 0.093333
2 0.373125 0.665000 0.038750 0.040000
2 0.373750 0.796667 0.035000 0.040000
2 0.374375 0.938333 0.033750 0.030000
1 0.608125 0.390833 0.076250 0.048333
1 0.606875 0.472500 0.071250 0.051667
1 0.616875 0.557500 0.078750 0.048333
1 0.619375 0.642500 0.081250 0.048333
1 0.614375 0.726667 0.076250 0.050000
1 0.611250 0.813333 0.080000 0.046667
1 0.610625 0.893333 0.078750 0.050000
1 0.838750 0.377500 0.075000 0.058333
1 0.845000 0.470833 0.085000 0.048333
1 0.846250 0.560000 0.080000 0.046667
1 0.860000 0.645000 0.097500 0.060000
1 0.859375 0.733333 0.103750 0.060000
1 0.867500 0.820000 0.100000 0.063333
1 0.872500 0.910000 0.102500 0.060000
