1 0.610000 0.366875 0.060000 0.023750
0 0.620000 0.428750 0.130000 0.020000
1 0.611667 0.451875 0.056667 0.018750
0 0.620000 0.508750 0.120000 0.020000
0 0.623333 0.579375 0.126667 0.016250
0 0.622500 0.610000 0.118333 0.012500
0 0.639167 0.671875 0.091667 0.016250
2 0.610833 0.626250 0.051667 0.020000
2 0.619167 0.532500 0.058333 0.025000
2 0.777500 0.301250 0.075000 0.030000
2 0.772500 0.346250 0.081667 0.027500
2 0.770833 0.390000 0.081667 0.032500
2 0.769167 0.434375 0.078333 0.031250
2 0.763333 0.471250 0.066667 0.027500
2 0.762500 0.510625 0.071667 0.023750
2 0.759167 0.550625 0.065000 0.023750
2 0.757500 0.588750 0.068333 0.027500
2 0.759167 0.626250 0.061667 0.025000
2 0.758333 0.665000 0.063333 0.027500
3 0.875000 0.485625 0.046667 0.011250
3 0.950000 0.479375 0.086667 0.016250
1 0.912500 0.511250 0.055000 0.017500
1 0.907500 0.543750 0.051667 0.015000
1 0.905833 0.577500 0.058333 0.017500
1 0.905000 0.609375 0.056667 0.016250
1 0.905000 0.640625 0.053333 0.018750
1 0.903333 0.672500 0.056667 0.017500
