0 0.353750 0.530833 0.115000 0.038333
2 0.343750 0.590000 0.077500 0.053333
2 0.347500 0.669167 0.067500 0.048333
2 0.352500 0.756667 0.087500 0.053333
2 0.355625 0.830000 0.086250 0.050000
0 0.491250 0.541667 0.137500 0.033333
2 0.479375 0.583333 0.058750 0.050000
2 0.479375 0.645833 0.058750 0.045000
2 0.478750 0.707500 0.057500 0.041667
2 0.477500 0.765833 0.055000 0.038333
2 0.479375 0.825000 0.053750 0.040000
1 0.635625 0.430000 0.063750 0.043333
1 0.649375 0.507500 0.058750 0.035000
3 0.685625 0.573333 0.086250 0.030000
3 0.678125 0.635000 0.086250 0.030000
3 0.683125 0.699167 0.091250 0.035000
3 0.671875 0.758333 0.088750 0.033333
3 0.678125 0.819167 0.091250 0.031667
