1 0.556667 0.068125 0.123333 0.051250
1 0.549167 0.150000 0.095000 0.045000
2 0.562500 0.232500 0.125000 0.052500
1 0.486667 0.371875 0.093333 0.033750
0 0.653333 0.409375 0.153333 0.031250
0 0.650000 0.485625 0.150000 0.028750
0 0.637500 0.554375 0.155000 0.031250
0 0.634167 0.615000 0.141667 0.027500
0 0.629167 0.680625 0.138333 0.028750
0 0.626667 0.748125 0.133333 0.028750
0 0.625833 0.804375 0.135000 0.033750
0 0.625000 0.863750 0.126667 0.022500
0 0.615833 0.923750 0.131667 0.027500
2 0.478333 0.900625 0.066667 0.026250
2 0.490000 0.843750 0.066667 0.027500
2 0.486667 0.781250 0.066667 0.027500
2 0.485833 0.718750 0.065000 0.027500
2 0.486667 0.654375 0.076667 0.031250
2 0.525833 0.616875 0.058333 0.021250
2 0.525833 0.549375 0.061667 0.026250
2 0.537500 0.477500 0.071667 0.027500
