2 0.561875 0.493333 0.043750 0.036667
2 0.576250 0.610833 0.060000 0.048333
2 0.575625 0.670833 0.061250 0.048333
2 0.573125 0.725833 0.061250 0.051667
2 0.403125 0.395000 0.028750 0.023333
2 0.485625 0.403333 0.031250 0.020000
2 0.485625 0.456667 0.023750 0.020000
2 0.485625 0.515000 0.033750 0.020000
2 0.481875 0.580000 0.028750 0.026667
0 0.385625 0.521667 0.076250 0.030000
0 0.384375 0.584167 0.081250 0.028333
1 0.388125 0.617500 0.043750 0.035000
1 0.464375 0.615833 0.046250 0.031667
1 0.389375 0.676667 0.051250 0.026667
1 0.476250 0.675000 0.052500 0.026667
1 0.390000 0.723333 0.052500 0.030000
1 0.476250 0.725000 0.050000 0.026667
