1 0.776875 0.525833 0.016250 0.008333
1 0.777500 0.486667 0.017500 0.010000
1 0.778750 0.448333 0.015000 0.010000
1 0.744375 0.449167 0.013750 0.011667
1 0.745000 0.485833 0.012500 0.008333
1 0.744375 0.522500 0.013750 0.008333
1 0.776875 0.564167 0.016250 0.011667
1 0.715625 0.448333 0.011250 0.006667
1 0.715625 0.484167 0.013750 0.008333
1 0.924375 0.459167 0.011250 0.005000
1 0.944375 0.458333 0.013750 0.010000
1 0.924375 0.475833 0.011250 0.008333
1 0.944375 0.475000 0.011250 0.006667
1 0.924375 0.490833 0.011250 0.008333
1 0.943750 0.490833 0.012500 0.008333
1 0.924375 0.506667 0.011250 0.010000
1 0.945000 0.506667 0.010000 0.010000
