3 0.085000 0.161875 0.140000 0.031250
3 0.280000 0.164375 0.146667 0.033750
3 0.085833 0.230000 0.148333 0.032500
3 0.276667 0.231875 0.136667 0.033750
3 0.085833 0.295625 0.148333 0.033750
3 0.288333 0.296875 0.140000 0.028750
3 0.095833 0.360000 0.145000 0.030000
3 0.286667 0.361875 0.143333 0.026250
3 0.089167 0.426875 0.145000 0.036250
3 0.290833 0.421250 0.141667 0.037500
3 0.090833 0.488125 0.141667 0.031250
3 0.294167 0.489375 0.135000 0.028750
3 0.091667 0.551250 0.143333 0.030000
3 0.295000 0.550625 0.140000 0.026250
3 0.096667 0.613750 0.143333 0.027500
3 0.294167 0.612500 0.138333 0.030000
3 0.102500 0.675625 0.135000 0.026250
3 0.301667 0.675625 0.146667 0.028750
3 0.111667 0.739375 0.143333 0.028750
3 0.305000 0.735000 0.140000 0.032500
3 0.105833 0.801250 0.141667 0.027500
3 0.310000 0.798125 0.140000 0.026250
3 0.114167 0.865625 0.145000 0.031250
3 0.306667 0.862500 0.136667 0.032500
3 0.112500 0.926250 0.145000 0.030000
3 0.486667 0.204375 0.113333 0.026250
3 0.489167 0.258750 0.121667 0.030000
3 0.493333 0.314375 0.110000 0.028750
3 0.488333 0.368125 0.116667 0.028750
3 0.488333 0.418750 0.130000 0.030000
3 0.488333 0.473750 0.120000 0.027500
3 0.489167 0.525000 0.118333 0.025000
3 0.492500 0.578125 0.115000 0.023750
2 0.517500 0.666250 0.061667 0.025000
2 0.519167 0.744375 0.061667 0.028750
2 0.526667 0.823125 0.063333 0.023750
2 0.522500 0.896250 0.061667 0.025000
2 0.521667 0.972500 0.063333 0.025000
2 0.675833 0.232500 0.061667 0.030000
2 0.673333 0.301875 0.063333 0.023750
2 0.679167 0.368750 0.061667 0.020000
2 0.677500 0.436250 0.055000 0.022500
2 0.680833 0.500625 0.051667 0.026250
2 0.675000 0.566250 0.053333 0.022500
2 0.700833 0.666250 0.065000 0.030000
2 0.705833 0.740625 0.071667 0.031250
2 0.705000 0.815000 0.066667 0.027500
2 0.699167 0.886875 0.065000 0.033750
2 0.704167 0.961875 0.068333 0.026250
2 0.784167 0.337500 0.071667 0.032500
2 0.811667 0.433125 0.060000 0.023750
2 0.816667 0.498125 0.060000 0.026250
2 0.810000 0.564375 0.060000 0.026250
2 0.810000 0.630000 0.060000 0.027500
2 0.811667 0.693750 0.056667 0.025000
2 0.807500 0.758125 0.055000 0.026250
2 0.802500 0.824375 0.055000 0.026250
2 0.820833 0.928750 0.075000 0.032500
