2 0.533750 0.768333 0.062500 0.043333
2 0.533750 0.815000 0.060000 0.043333
2 0.536875 0.858333 0.063750 0.040000
2 0.611250 0.752500 0.037500 0.021667
2 0.612500 0.797500 0.032500 0.021667
2 0.617500 0.842500 0.042500 0.021667
2 0.692500 0.750833 0.037500 0.018333
1 0.692500 0.799167 0.032500 0.021667
1 0.696250 0.845833 0.040000 0.025000
0 0.789375 0.768333 0.071250 0.023333
0 0.791250 0.813333 0.065000 0.020000
0 0.795000 0.860833 0.067500 0.025000
0 0.873750 0.761667 0.067500 0.020000
0 0.878750 0.809167 0.070000 0.021667
0 0.880625 0.855000 0.068750 0.020000
