5 0.235000 0.310833 0.065000 0.118333
5 0.471875 0.265000 0.083750 0.146667
0 0.620625 0.597500 0.031250 0.011667
0 0.620000 0.620000 0.032500 0.013333
0 0.618750 0.641667 0.030000 0.013333
0 0.656250 0.620833 0.040000 0.015000
0 0.654375 0.644167 0.038750 0.015000
0 0.702500 0.625833 0.030000 0.015000
1 0.693750 0.638333 0.017500 0.013333
2 0.639375 0.666667 0.016250 0.013333
2 0.636250 0.686667 0.015000 0.016667
2 0.642500 0.706667 0.022500 0.020000
2 0.643125 0.732500 0.018750 0.021667
2 0.641875 0.755000 0.018750 0.016667
2 0.640625 0.779167 0.021250 0.018333
2 0.641250 0.804167 0.020000 0.018333
2 0.640625 0.829167 0.021250 0.021667
2 0.684375 0.687500 0.023750 0.018333
2 0.685000 0.710833 0.025000 0.018333
2 0.683125 0.736667 0.021250 0.016667
2 0.683750 0.760833 0.022500 0.018333
2 0.683125 0.786667 0.023750 0.016667
2 0.683125 0.810000 0.023750 0.020000
2 0.681875 0.835833 0.021250 0.015000
