3 0.398333 0.337500 0.040000 0.012500
3 0.449167 0.336875 0.035000 0.011250
3 0.400833 0.354375 0.038333 0.008750
3 0.448333 0.355000 0.036667 0.010000
3 0.398333 0.372500 0.040000 0.010000
3 0.450000 0.373125 0.040000 0.008750
3 0.398333 0.388750 0.036667 0.007500
3 0.449167 0.390000 0.038333 0.010000
3 0.398333 0.406250 0.036667 0.010000
3 0.449167 0.407500 0.038333 0.010000
3 0.398333 0.423750 0.036667 0.007500
3 0.449167 0.424375 0.035000 0.008750
3 0.396667 0.440000 0.036667 0.007500
3 0.446667 0.441875 0.036667 0.006250
3 0.419167 0.460625 0.038333 0.008750
3 0.420000 0.479375 0.036667 0.008750
3 0.420000 0.497500 0.036667 0.010000
3 0.421667 0.515625 0.040000 0.011250
3 0.370000 0.530000 0.040000 0.010000
3 0.518333 0.341875 0.036667 0.008750
3 0.519167 0.358125 0.035000 0.008750
3 0.519167 0.375000 0.038333 0.010000
3 0.515833 0.391250 0.031667 0.007500
3 0.517500 0.407500 0.035000 0.010000
3 0.518333 0.424375 0.043333 0.008750
3 0.515833 0.440000 0.038333 0.007500
3 0.515833 0.455000 0.035000 0.007500
2 0.508333 0.477500 0.016667 0.007500
2 0.509167 0.498750 0.025000 0.010000
2 0.508333 0.520000 0.020000 0.007500
2 0.558333 0.500000 0.016667 0.007500
2 0.556667 0.522500 0.020000 0.010000
1 0.655833 0.425625 0.051667 0.013750
1 0.654167 0.483125 0.041667 0.011250
