2 0.336667 0.125000 0.106667 0.052500
2 0.649167 0.159375 0.128333 0.056250
1 0.322500 0.207500 0.135000 0.062500
1 0.346667 0.308125 0.106667 0.048750
1 0.345833 0.387500 0.091667 0.047500
1 0.343333 0.468125 0.096667 0.036250
1 0.345833 0.543125 0.095000 0.036250
1 0.352500 0.621250 0.095000 0.032500
1 0.350000 0.695625 0.100000 0.031250
1 0.349167 0.771250 0.091667 0.025000
0 0.700000 0.841875 0.266667 0.093750
0 0.705000 0.729375 0.263333 0.078750
2 0.681667 0.599375 0.193333 0.076250
2 0.672500 0.450000 0.101667 0.037500
1 0.650833 0.348750 0.148333 0.057500
0 0.721667 0.281875 0.243333 0.041250
