5 0.373125 0.180833 0.073750 0.118333
5 0.103750 0.238333 0.067500 0.106667
0 0.529375 0.569167 0.033750 0.015000
0 0.529375 0.595000 0.033750 0.013333
0 0.528125 0.617500 0.033750 0.011667
0 0.569375 0.572500 0.041250 0.015000
0 0.566250 0.595000 0.042500 0.013333
0 0.595000 0.654167 0.047500 0.015000
2 0.589375 0.666667 0.018750 0.013333
2 0.596250 0.690833 0.025000 0.018333
2 0.595625 0.718333 0.023750 0.016667
2 0.594375 0.748333 0.023750 0.020000
2 0.596875 0.776667 0.026250 0.020000
2 0.593125 0.805000 0.023750 0.020000
2 0.591875 0.831667 0.023750 0.023333
