3 0.313750 0.351667 0.112500 0.043333
1 0.274375 0.425833 0.066250 0.041667
1 0.283125 0.506667 0.066250 0.036667
1 0.289375 0.577500 0.071250 0.031667
1 0.290625 0.659167 0.061250 0.038333
2 0.433125 0.230000 0.098750 0.076667
2 0.451875 0.337500 0.138750 0.101667
2 0.454375 0.443333 0.136250 0.103333
2 0.456875 0.541667 0.133750 0.093333
2 0.470625 0.610000 0.073750 0.046667
0 0.665000 0.366667 0.192500 0.043333
1 0.650000 0.425833 0.090000 0.051667
1 0.648125 0.528333 0.081250 0.046667
1 0.646875 0.631667 0.088750 0.043333
1 0.646875 0.721667 0.083750 0.050000
1 0.863125 0.603333 0.076250 0.040000
1 0.165000 0.279167 0.027500 0.031667
1 0.173125 0.335833 0.023750 0.028333
1 0.177500 0.385833 0.025000 0.028333
1 0.180625 0.436667 0.023750 0.030000
1 0.026250 0.474167 0.045000 0.018333
1 0.033125 0.522500 0.043750 0.025000
1 0.033750 0.570833 0.037500 0.028333
1 0.041250 0.618333 0.042500 0.026667
1 0.046250 0.665833 0.040000 0.025000
1 0.086250 0.735833 0.035000 0.038333
