1 0.501250 0.481667 0.032500 0.023333
1 0.501250 0.519167 0.030000 0.018333
1 0.499375 0.558333 0.028750 0.023333
1 0.498750 0.594167 0.030000 0.021667
1 0.500625 0.633333 0.031250 0.023333
1 0.496875 0.667500 0.031250 0.021667
1 0.497500 0.702500 0.032500 0.021667
1 0.511250 0.405833 0.037500 0.025000
2 0.597500 0.493333 0.025000 0.020000
2 0.597500 0.541667 0.025000 0.026667
1 0.588125 0.592500 0.036250 0.025000
2 0.584375 0.635000 0.031250 0.026667
2 0.690625 0.493333 0.051250 0.040000
2 0.690000 0.541667 0.050000 0.043333
2 0.688750 0.594167 0.055000 0.038333
2 0.687500 0.638333 0.050000 0.040000
2 0.686250 0.685833 0.050000 0.041667
2 0.680000 0.734167 0.047500 0.038333
0 0.600000 0.686667 0.052500 0.026667
0 0.595000 0.731667 0.065000 0.030000
