2 0.237500 0.332500 0.055000 0.045000
2 0.239375 0.379167 0.053750 0.041667
2 0.472500 0.430833 0.025000 0.021667
2 0.472500 0.462500 0.025000 0.025000
0 0.484375 0.495000 0.043750 0.016667
0 0.484375 0.530000 0.046250 0.020000
0 0.520625 0.494167 0.028750 0.011667
0 0.521250 0.526667 0.030000 0.013333
1 0.480000 0.549167 0.020000 0.018333
1 0.521250 0.546667 0.020000 0.016667
2 0.478125 0.585000 0.031250 0.026667
2 0.480000 0.619167 0.030000 0.028333
2 0.478125 0.655833 0.033750 0.031667
2 0.477500 0.689167 0.032500 0.031667
2 0.478750 0.726667 0.030000 0.033333
2 0.520000 0.584167 0.025000 0.021667
2 0.519375 0.620833 0.021250 0.021667
2 0.518750 0.655000 0.020000 0.020000
