0 0.400625 0.402500 0.071250 0.021667
0 0.355000 0.452500 0.067500 0.025000
0 0.426875 0.460000 0.071250 0.023333
0 0.426875 0.521667 0.068750 0.020000
1 0.355625 0.478333 0.041250 0.023333
1 0.357500 0.539167 0.045000 0.021667
2 0.453750 0.566667 0.027500 0.016667
2 0.364375 0.596667 0.036250 0.023333
2 0.435000 0.594167 0.040000 0.021667
2 0.362500 0.650833 0.037500 0.021667
2 0.431875 0.652500 0.038750 0.025000
2 0.366250 0.707500 0.037500 0.018333
2 0.433750 0.706667 0.037500 0.026667
1 0.378750 0.757500 0.040000 0.015000
1 0.457500 0.756667 0.037500 0.016667
1 0.381875 0.805833 0.036250 0.018333
1 0.459375 0.803333 0.041250 0.020000
