1 0.392500 0.494167 0.057500 0.041667
1 0.398750 0.577500 0.055000 0.038333
1 0.593750 0.524167 0.057500 0.038333
1 0.615000 0.589167 0.045000 0.031667
1 0.426250 0.645000 0.055000 0.023333
1 0.429375 0.707500 0.053750 0.031667
1 0.428750 0.765000 0.047500 0.026667
1 0.432500 0.821667 0.052500 0.026667
1 0.432500 0.877500 0.047500 0.028333
1 0.613750 0.644167 0.045000 0.025000
1 0.608125 0.705000 0.041250 0.026667
1 0.605625 0.760000 0.041250 0.030000
1 0.603750 0.811667 0.045000 0.023333
1 0.602500 0.866667 0.042500 0.023333
1 0.744375 0.514167 0.038750 0.021667
1 0.739375 0.570833 0.043750 0.028333
1 0.735625 0.625833 0.038750 0.028333
1 0.730000 0.679167 0.040000 0.025000
1 0.726875 0.729167 0.038750 0.021667
1 0.723750 0.781667 0.042500 0.020000
1 0.719375 0.828333 0.038750 0.026667
1 0.851250 0.500833 0.040000 0.021667
1 0.845625 0.553333 0.041250 0.020000
1 0.842500 0.605833 0.042500 0.018333
1 0.836875 0.660000 0.036250 0.023333
1 0.831250 0.707500 0.037500 0.018333
1 0.968750 0.485833 0.035000 0.018333
1 0.930625 0.543333 0.043750 0.023333
1 0.955625 0.589167 0.033750 0.018333
1 0.920625 0.649167 0.046250 0.025000
1 0.913125 0.699167 0.038750 0.018333
2 0.254375 0.634167 0.043750 0.031667
2 0.257500 0.717500 0.045000 0.031667
2 0.260000 0.793333 0.045000 0.026667
2 0.264375 0.872500 0.043750 0.028333
2 0.270000 0.942500 0.040000 0.031667
