1 0.685625 0.193333 0.066250 0.048889
0 0.695000 0.373333 0.105000 0.048889
0 0.701250 0.668889 0.095000 0.057778
1 0.841250 0.603333 0.065000 0.051111
1 0.845000 0.690000 0.062500 0.042222
1 0.841250 0.772222 0.060000 0.042222
1 0.840625 0.856667 0.061250 0.042222
1 0.843750 0.935556 0.057500 0.044444
1 0.706250 0.877778 0.055000 0.040000
2 0.731875 0.760000 0.038750 0.035556
2 0.732500 0.837778 0.037500 0.031111
2 0.855625 0.546667 0.051250 0.040000
2 0.841875 0.420000 0.051250 0.044444
2 0.841875 0.296667 0.053750 0.046667
