0 0.035000 0.701111 0.045000 0.020000
0 0.078750 0.723333 0.042500 0.020000
0 0.121250 0.700000 0.040000 0.017778
1 0.119375 0.721111 0.028750 0.020000
1 0.118750 0.765556 0.027500 0.020000
1 0.121875 0.807778 0.028750 0.020000
1 0.110625 0.845556 0.026250 0.015556
1 0.110000 0.881111 0.025000 0.015556
1 0.109375 0.917778 0.023750 0.017778
1 0.104375 0.955556 0.026250 0.017778
2 0.086875 0.837778 0.018750 0.017778
2 0.083750 0.885556 0.020000 0.015556
2 0.082500 0.931111 0.017500 0.017778
2 0.078750 0.977778 0.020000 0.017778
