1 0.510625 0.507778 0.021250 0.020000
1 0.508750 0.540000 0.017500 0.013333
1 0.509375 0.576667 0.023750 0.015556
1 0.568125 0.521111 0.021250 0.020000
1 0.568125 0.556667 0.023750 0.020000
2 0.575000 0.610000 0.032500 0.033333
1 0.515625 0.620000 0.021250 0.022222
2 0.574375 0.657778 0.031250 0.040000
2 0.572500 0.704444 0.030000 0.035556
2 0.575000 0.750000 0.030000 0.037778
2 0.575000 0.796667 0.030000 0.042222
0 0.525000 0.677778 0.030000 0.022222
0 0.525625 0.713333 0.031250 0.017778
1 0.518125 0.735556 0.021250 0.022222
0 0.520625 0.793333 0.046250 0.031111
