2 0.318333 0.294375 0.126667 0.043750
2 0.315000 0.435000 0.110000 0.042500
2 0.600000 0.636250 0.170000 0.050000
2 0.587500 0.705000 0.171667 0.052500
2 0.574167 0.769375 0.165000 0.048750
0 0.634167 0.571875 0.195000 0.031250
0 0.654167 0.501875 0.215000 0.043750
0 0.653333 0.416250 0.273333 0.045000
0 0.643333 0.300625 0.380000 0.076250
1 0.127500 0.535000 0.201667 0.050000
1 0.159167 0.615625 0.171667 0.043750
1 0.172500 0.683750 0.155000 0.037500
1 0.199167 0.743750 0.151667 0.027500
1 0.225833 0.801875 0.135000 0.033750
1 0.250000 0.855625 0.130000 0.033750
