0 0.352500 0.144167 0.077500 0.035000
0 0.350625 0.205833 0.071250 0.028333
0 0.350625 0.260000 0.071250 0.026667
0 0.445000 0.154167 0.092500 0.038333
0 0.438750 0.210000 0.092500 0.030000
0 0.518125 0.343333 0.106250 0.036667
2 0.338750 0.293333 0.047500 0.033333
2 0.341875 0.351667 0.053750 0.043333
2 0.338125 0.400000 0.043750 0.036667
2 0.336250 0.452500 0.040000 0.035000
2 0.336250 0.505000 0.040000 0.036667
2 0.334375 0.551667 0.043750 0.033333
2 0.333750 0.601667 0.042500 0.033333
2 0.333750 0.649167 0.045000 0.035000
0 0.417500 0.680000 0.082500 0.036667
0 0.420000 0.632500 0.080000 0.038333
0 0.419375 0.585000 0.081250 0.033333
2 0.506250 0.381667 0.042500 0.033333
2 0.519375 0.442500 0.056250 0.045000
2 0.519375 0.505833 0.056250 0.041667
2 0.516250 0.569167 0.052500 0.041667
2 0.515625 0.630000 0.053750 0.043333
2 0.511250 0.694167 0.055000 0.045000
2 0.503750 0.747500 0.050000 0.041667
