1 0.363125 0.180833 0.071250 0.048333
1 0.371250 0.255833 0.067500 0.048333
1 0.336875 0.452500 0.081250 0.055000
0 0.351875 0.597500 0.178750 0.051667
0 0.358125 0.688333 0.173750 0.046667
0 0.362500 0.779167 0.162500 0.045000
0 0.363750 0.861667 0.162500 0.043333
0 0.369375 0.932500 0.153750 0.048333
0 0.560625 0.495833 0.138750 0.048333
0 0.541250 0.359167 0.155000 0.045000
0 0.756250 0.493333 0.152500 0.043333
0 0.753125 0.600000 0.141250 0.046667
0 0.745000 0.690833 0.140000 0.051667
0 0.716875 0.777500 0.168750 0.041667
0 0.559375 0.592500 0.138750 0.041667
0 0.557500 0.684167 0.137500 0.041667
0 0.553125 0.771667 0.126250 0.036667
0 0.536250 0.855833 0.160000 0.038333
0 0.533750 0.939167 0.152500 0.041667
2 0.716250 0.835833 0.077500 0.055000
2 0.707500 0.915833 0.080000 0.055000
2 0.538125 0.207500 0.048750 0.031667
2 0.698125 0.190833 0.048750 0.035000
2 0.721250 0.306667 0.052500 0.043333
2 0.515000 0.139167 0.060000 0.048333
