1 0.298125 0.120833 0.033750 0.031667
1 0.304375 0.180833 0.033750 0.025000
1 0.306250 0.240833 0.035000 0.028333
1 0.308750 0.300833 0.035000 0.028333
1 0.406250 0.120833 0.032500 0.028333
1 0.468125 0.128333 0.028750 0.030000
1 0.409375 0.184167 0.033750 0.028333
1 0.467500 0.181667 0.030000 0.023333
2 0.395625 0.270833 0.053750 0.048333
0 0.426875 0.358333 0.063750 0.030000
0 0.427500 0.428333 0.077500 0.050000
0 0.430000 0.502500 0.077500 0.051667
2 0.411250 0.558333 0.077500 0.076667
2 0.411875 0.622500 0.068750 0.068333
2 0.420625 0.691667 0.053750 0.070000
2 0.413750 0.756667 0.065000 0.073333
2 0.413125 0.822500 0.068750 0.081667
1 0.521250 0.455833 0.042500 0.035000
1 0.521250 0.523333 0.050000 0.026667
1 0.516250 0.589167 0.042500 0.035000
1 0.513750 0.651667 0.045000 0.036667
1 0.513125 0.712500 0.046250 0.031667
1 0.514375 0.772500 0.046250 0.031667
1 0.512500 0.828333 0.047500 0.033333
1 0.515625 0.883333 0.046250 0.033333
3 0.554375 0.400000 0.073750 0.040000
1 0.529375 0.310833 0.051250 0.035000
2 0.528750 0.210000 0.062500 0.040000
2 0.646250 0.236667 0.027500 0.066667
1 0.629375 0.309167 0.041250 0.035000
3 0.635000 0.392500 0.060000 0.031667
1 0.646875 0.452500 0.036250 0.025000
1 0.643750 0.516667 0.035000 0.026667
1 0.637500 0.582500 0.030000 0.025000
1 0.631250 0.641667 0.035000 0.030000
1 0.634375 0.700000 0.033750 0.026667
1 0.628750 0.762500 0.030000 0.025000
