2 0.265556 0.408125 0.095556 0.031250
1 0.440000 0.475000 0.106667 0.025000
1 0.437778 0.535000 0.102222 0.027500
2 0.262222 0.474375 0.088889 0.028750
2 0.304444 0.561250 0.075556 0.020000
2 0.304444 0.622500 0.075556 0.020000
2 0.297778 0.680000 0.066667 0.020000
2 0.295556 0.735000 0.071111 0.020000
2 0.287778 0.790625 0.068889 0.018750
1 0.404444 0.592500 0.102222 0.025000
1 0.401111 0.639375 0.104444 0.023750
1 0.395556 0.683750 0.106667 0.020000
1 0.390000 0.726250 0.095556 0.025000
1 0.390000 0.769375 0.100000 0.018750
