1 0.583125 0.303333 0.061250 0.051111
1 0.589375 0.386667 0.061250 0.040000
1 0.591250 0.466667 0.055000 0.035556
2 0.735625 0.184444 0.038750 0.035556
1 0.762500 0.310000 0.070000 0.046667
1 0.763125 0.396667 0.068750 0.046667
2 0.781250 0.524444 0.095000 0.071111
2 0.784375 0.627778 0.088750 0.064444
2 0.787500 0.724444 0.090000 0.075556
2 0.785625 0.814444 0.088750 0.073333
2 0.788125 0.906667 0.081250 0.066667
0 0.648125 0.894444 0.118750 0.064444
1 0.634375 0.790000 0.058750 0.046667
0 0.653750 0.747778 0.087500 0.042222
0 0.650625 0.676667 0.088750 0.037778
1 0.615625 0.556667 0.056250 0.046667
