2 0.621667 0.079375 0.106667 0.053750
2 0.424167 0.175625 0.081667 0.038750
2 0.630000 0.193125 0.100000 0.046250
1 0.446667 0.273750 0.090000 0.045000
1 0.650000 0.295625 0.100000 0.041250
2 0.692500 0.414375 0.061667 0.028750
2 0.463333 0.358750 0.066667 0.032500
2 0.312500 0.358125 0.058333 0.031250
2 0.328333 0.425625 0.060000 0.028750
2 0.484167 0.431875 0.075000 0.038750
2 0.363333 0.491250 0.060000 0.032500
2 0.385000 0.548125 0.063333 0.038750
2 0.398333 0.601875 0.053333 0.031250
2 0.419167 0.652500 0.055000 0.030000
2 0.543333 0.523750 0.043333 0.022500
1 0.550833 0.550000 0.075000 0.025000
1 0.560833 0.596875 0.075000 0.028750
1 0.570833 0.643125 0.075000 0.033750
1 0.572500 0.686250 0.068333 0.027500
1 0.710000 0.449375 0.096667 0.023750
1 0.722500 0.515000 0.098333 0.030000
1 0.727500 0.574375 0.088333 0.031250
1 0.733333 0.623750 0.086667 0.030000
1 0.730000 0.672500 0.076667 0.030000
1 0.735833 0.715000 0.081667 0.030000
1 0.940000 0.751875 0.093333 0.036250
1 0.948333 0.693750 0.103333 0.030000
1 0.950833 0.643750 0.098333 0.032500
1 0.894167 0.575000 0.125000 0.027500
1 0.890000 0.496875 0.123333 0.036250
2 0.943333 0.451875 0.086667 0.028750
2 0.944167 0.360625 0.105000 0.046250
2 0.924167 0.247500 0.101667 0.037500
