3 0.556667 0.705000 0.090000 0.075000
3 0.555000 0.776250 0.096667 0.077500
1 0.617500 0.439375 0.058333 0.028750
1 0.620000 0.386250 0.056667 0.022500
1 0.626667 0.331875 0.056667 0.026250
1 0.631667 0.266875 0.060000 0.033750
1 0.639167 0.206875 0.061667 0.033750
0 0.842500 0.345000 0.198333 0.055000
2 0.826667 0.396250 0.096667 0.065000
2 0.859167 0.222500 0.105000 0.057500
0 0.669167 0.165000 0.151667 0.030000
1 0.494167 0.306875 0.048333 0.026250
1 0.493333 0.357500 0.036667 0.027500
1 0.490833 0.400625 0.041667 0.023750
1 0.492500 0.446875 0.041667 0.021250
1 0.572500 0.913125 0.061667 0.056250
1 0.451667 0.584375 0.050000 0.036250
1 0.452500 0.648750 0.055000 0.047500
1 0.454167 0.706875 0.048333 0.038750
1 0.456667 0.760625 0.056667 0.046250
1 0.455000 0.813750 0.050000 0.042500
1 0.454167 0.870000 0.041667 0.040000
