0 0.331667 0.565625 0.133333 0.031250
0 0.307500 0.618125 0.131667 0.031250
0 0.321667 0.663750 0.123333 0.027500
0 0.450833 0.622500 0.125000 0.025000
0 0.466667 0.677500 0.120000 0.030000
0 0.334167 0.706250 0.118333 0.025000
0 0.347500 0.748750 0.121667 0.027500
0 0.475833 0.727500 0.115000 0.022500
0 0.362500 0.786875 0.118333 0.026250
0 0.489167 0.780000 0.115000 0.025000
0 0.371667 0.825625 0.116667 0.023750
0 0.500000 0.828125 0.116667 0.026250
0 0.507500 0.871875 0.115000 0.026250
0 0.520000 0.911875 0.110000 0.021250
2 0.600000 0.434375 0.070000 0.031250
2 0.620833 0.511250 0.065000 0.027500
2 0.636667 0.581250 0.070000 0.030000
2 0.645833 0.644375 0.065000 0.028750
2 0.653333 0.706250 0.060000 0.030000
2 0.660833 0.764375 0.058333 0.026250
2 0.669167 0.823125 0.055000 0.021250
2 0.679167 0.876875 0.058333 0.021250
2 0.686667 0.928125 0.053333 0.018750
2 0.690000 0.971250 0.050000 0.020000
1 0.818333 0.402500 0.090000 0.025000
1 0.810833 0.465000 0.095000 0.022500
1 0.819167 0.526250 0.088333 0.025000
1 0.820000 0.584375 0.090000 0.026250
1 0.820000 0.636250 0.086667 0.022500
1 0.823333 0.688125 0.076667 0.023750
1 0.830000 0.733750 0.090000 0.020000
1 0.830000 0.781250 0.080000 0.020000
1 0.823333 0.826875 0.076667 0.018750
3 0.798333 0.876875 0.110000 0.026250
3 0.801667 0.916875 0.116667 0.028750
3 0.805000 0.953125 0.106667 0.023750
2 0.944167 0.425625 0.078333 0.026250
2 0.941667 0.501875 0.076667 0.033750
2 0.941667 0.571250 0.066667 0.030000
2 0.941667 0.636250 0.073333 0.027500
2 0.941667 0.695625 0.066667 0.031250
2 0.945833 0.758125 0.068333 0.033750
2 0.944167 0.811875 0.071667 0.023750
2 0.940000 0.862500 0.066667 0.025000
2 0.940000 0.911250 0.063333 0.027500
