2 0.616250 0.357500 0.032500 0.028333
2 0.625625 0.431667 0.033750 0.026667
2 0.628750 0.505833 0.042500 0.031667
2 0.625000 0.580833 0.035000 0.028333
2 0.626875 0.652500 0.033750 0.028333
2 0.626875 0.730833 0.036250 0.035000
2 0.700000 0.354167 0.045000 0.035000
2 0.703125 0.437500 0.038750 0.028333
2 0.708125 0.520000 0.041250 0.033333
2 0.703750 0.599167 0.037500 0.035000
2 0.788750 0.354167 0.050000 0.038333
2 0.798125 0.442500 0.056250 0.035000
2 0.803750 0.535000 0.055000 0.040000
2 0.796250 0.620833 0.052500 0.041667
2 0.878750 0.370000 0.035000 0.043333
2 0.878750 0.463333 0.032500 0.050000
3 0.147500 0.412500 0.030000 0.025000
3 0.146875 0.460000 0.033750 0.020000
3 0.147500 0.505000 0.035000 0.023333
3 0.146250 0.554167 0.035000 0.031667
3 0.145000 0.598333 0.030000 0.023333
3 0.145625 0.644167 0.031250 0.031667
3 0.146875 0.689167 0.026250 0.031667
3 0.146250 0.737500 0.030000 0.031667
3 0.147500 0.785000 0.027500 0.030000
3 0.150625 0.828333 0.028750 0.036667
3 0.150000 0.875833 0.030000 0.035000
