0 0.567500 0.288125 0.185000 0.033750
0 0.445833 0.364375 0.185000 0.036250
0 0.635833 0.381875 0.185000 0.043750
0 0.630000 0.470000 0.186667 0.037500
1 0.440833 0.402500 0.101667 0.030000
1 0.440000 0.487500 0.106667 0.035000
2 0.684167 0.539375 0.065000 0.023750
2 0.450833 0.563125 0.081667 0.033750
2 0.635000 0.577500 0.086667 0.040000
2 0.452500 0.633750 0.078333 0.035000
2 0.620833 0.649375 0.091667 0.036250
2 0.447500 0.706250 0.075000 0.030000
2 0.617500 0.724375 0.085000 0.036250
1 0.483333 0.770625 0.086667 0.026250
1 0.482500 0.830000 0.095000 0.027500
1 0.671667 0.799375 0.103333 0.026250
1 0.664167 0.853750 0.088333 0.032500
