2 0.403333 0.245625 0.126667 0.056250
2 0.404167 0.305000 0.125000 0.052500
1 0.429167 0.348125 0.065000 0.031250
1 0.425833 0.388750 0.068333 0.027500
1 0.428333 0.440000 0.073333 0.030000
2 0.428333 0.480625 0.073333 0.026250
0 0.455833 0.544375 0.105000 0.021250
0 0.456667 0.578750 0.103333 0.017500
0 0.450833 0.623750 0.115000 0.022500
0 0.596667 0.623750 0.090000 0.022500
2 0.569167 0.578125 0.108333 0.041250
1 0.580000 0.526250 0.066667 0.022500
2 0.582500 0.489375 0.115000 0.046250
2 0.584167 0.440000 0.115000 0.045000
0 0.624167 0.401875 0.101667 0.023750
