2 0.861875 0.518889 0.078750 0.073333
1 0.860625 0.937778 0.056250 0.048889
1 0.958750 0.713333 0.037500 0.044444
1 0.955625 0.795556 0.028750 0.044444
1 0.954375 0.875556 0.028750 0.048889
1 0.953125 0.952222 0.031250 0.042222
2 0.957500 0.422222 0.030000 0.048889
2 0.953750 0.520000 0.032500 0.048889
2 0.955000 0.623333 0.030000 0.046667
1 0.122500 0.620000 0.032500 0.026667
1 0.206875 0.598889 0.031250 0.028889
1 0.205000 0.648889 0.030000 0.026667
0 0.207500 0.717778 0.067500 0.026667
0 0.208125 0.767778 0.066250 0.024444
1 0.200000 0.792222 0.025000 0.024444
1 0.199375 0.830000 0.026250 0.028889
2 0.118750 0.671111 0.027500 0.031111
2 0.116875 0.713333 0.028750 0.035556
2 0.124375 0.755556 0.036250 0.035556
2 0.126250 0.808889 0.037500 0.035556
2 0.123750 0.861111 0.037500 0.037778
