0 0.061875 0.326667 0.076250 0.036667
0 0.134375 0.330000 0.058750 0.030000
0 0.075000 0.395833 0.090000 0.025000
0 0.143125 0.390000 0.043750 0.020000
0 0.075625 0.466667 0.088750 0.030000
0 0.146875 0.445000 0.048750 0.023333
0 0.077500 0.536667 0.087500 0.023333
0 0.145625 0.504167 0.051250 0.018333
0 0.148750 0.556667 0.045000 0.020000
0 0.085625 0.602500 0.086250 0.028333
0 0.154375 0.614167 0.046250 0.021667
0 0.090625 0.667500 0.083750 0.035000
0 0.156875 0.667500 0.041250 0.021667
0 0.096250 0.726667 0.080000 0.033333
0 0.102500 0.860833 0.080000 0.045000
0 0.103125 0.918333 0.078750 0.046667
2 0.213750 0.570000 0.035000 0.023333
2 0.216875 0.621667 0.031250 0.020000
2 0.220625 0.674167 0.036250 0.025000
2 0.221875 0.725000 0.036250 0.023333
2 0.224375 0.776667 0.033750 0.026667
2 0.571250 0.400000 0.037500 0.043333
2 0.570625 0.449167 0.036250 0.041667
2 0.571875 0.572500 0.038750 0.041667
2 0.572500 0.620833 0.042500 0.045000
2 0.571875 0.675833 0.046250 0.038333
2 0.573125 0.728333 0.041250 0.040000
2 0.574375 0.779167 0.043750 0.041667
2 0.638750 0.452500 0.032500 0.028333
2 0.635625 0.614167 0.026250 0.035000
2 0.632500 0.663333 0.025000 0.030000
2 0.635000 0.716667 0.025000 0.033333
2 0.792500 0.325000 0.025000 0.023333
2 0.834375 0.308333 0.031250 0.030000
3 0.759375 0.248333 0.058750 0.023333
3 0.852500 0.245833 0.045000 0.031667
1 0.924375 0.576667 0.051250 0.033333
1 0.915000 0.650000 0.057500 0.030000
1 0.914375 0.726667 0.058750 0.050000
1 0.912500 0.782500 0.057500 0.048333
1 0.909375 0.837500 0.053750 0.041667
1 0.910000 0.888333 0.065000 0.053333
1 0.903125 0.941667 0.053750 0.046667
