1 0.751875 0.535000 0.053750 0.040000
1 0.751875 0.590833 0.053750 0.041667
1 0.753750 0.642500 0.052500 0.038333
1 0.756250 0.695833 0.050000 0.038333
1 0.759375 0.752500 0.048750 0.038333
0 0.684375 0.648333 0.058750 0.040000
0 0.689375 0.711667 0.058750 0.050000
0 0.691250 0.770000 0.060000 0.056667
3 0.613125 0.560833 0.051250 0.038333
3 0.608125 0.603333 0.043750 0.030000
2 0.863125 0.595000 0.031250 0.030000
2 0.864375 0.650833 0.028750 0.028333
2 0.841250 0.677500 0.037500 0.028333
1 0.851250 0.750833 0.055000 0.035000
