1 0.566875 0.712500 0.023750 0.025000
1 0.568125 0.736667 0.023750 0.016667
1 0.570000 0.841667 0.022500 0.016667
1 0.571250 0.869167 0.025000 0.018333
1 0.568750 0.895833 0.022500 0.015000
0 0.625625 0.715833 0.038750 0.015000
0 0.625625 0.744167 0.038750 0.015000
2 0.672500 0.788333 0.017500 0.030000
2 0.672500 0.823333 0.017500 0.030000
1 0.702500 0.695833 0.025000 0.018333
1 0.703750 0.729167 0.027500 0.021667
1 0.705625 0.760833 0.026250 0.021667
1 0.706250 0.795000 0.022500 0.020000
1 0.706875 0.827500 0.026250 0.018333
1 0.705625 0.861667 0.026250 0.020000
