1 0.683125 0.648889 0.033750 0.031111
1 0.681875 0.693333 0.033750 0.031111
1 0.683125 0.733333 0.038750 0.031111
1 0.682500 0.776667 0.035000 0.028889
1 0.683750 0.814444 0.037500 0.028889
2 0.656250 0.545556 0.042500 0.046667
1 0.173750 0.598889 0.027500 0.024444
1 0.173750 0.636667 0.027500 0.020000
0 0.232500 0.655556 0.035000 0.017778
0 0.230000 0.688889 0.040000 0.017778
0 0.230000 0.724444 0.037500 0.017778
2 0.171250 0.675556 0.022500 0.022222
2 0.171250 0.704444 0.025000 0.026667
2 0.176875 0.728889 0.016250 0.017778
2 0.177500 0.775556 0.032500 0.031111
2 0.176250 0.816667 0.030000 0.033333
2 0.176250 0.851111 0.032500 0.022222
1 0.220000 0.746667 0.022500 0.026667
1 0.220625 0.783333 0.021250 0.024444
