2 0.669375 0.312500 0.091250 0.055000
0 0.698125 0.414167 0.151250 0.041667
0 0.695000 0.500833 0.145000 0.051667
2 0.673750 0.561667 0.102500 0.093333
2 0.671875 0.634167 0.103750 0.081667
2 0.671250 0.719167 0.102500 0.081667
2 0.672500 0.790000 0.102500 0.086667
2 0.671250 0.864167 0.090000 0.088333
2 0.670625 0.926667 0.096250 0.076667
1 0.843750 0.977500 0.070000 0.041667
1 0.841875 0.910833 0.068750 0.038333
1 0.842500 0.850833 0.075000 0.038333
1 0.850000 0.795000 0.070000 0.043333
1 0.851250 0.725000 0.070000 0.033333
1 0.858750 0.655833 0.067500 0.035000
1 0.858125 0.585000 0.071250 0.033333
3 0.905625 0.512500 0.116250 0.048333
1 0.873750 0.428333 0.085000 0.046667
0 0.911875 0.371667 0.113750 0.040000
0 0.888125 0.297500 0.186250 0.035000
2 0.771875 0.222500 0.028750 0.051667
2 0.914375 0.204167 0.033750 0.051667
2 0.841250 0.216667 0.032500 0.043333
