1 0.294375 0.292500 0.076250 0.048333
1 0.308125 0.385000 0.081250 0.046667
1 0.313125 0.467500 0.086250 0.038333
1 0.321875 0.547500 0.083750 0.038333
1 0.328750 0.620833 0.075000 0.038333
1 0.334375 0.693333 0.071250 0.040000
1 0.340625 0.760000 0.071250 0.040000
1 0.346250 0.820000 0.072500 0.036667
0 0.504375 0.302500 0.133750 0.051667
0 0.501250 0.395833 0.122500 0.038333
2 0.484375 0.439167 0.098750 0.051667
2 0.528750 0.560000 0.050000 0.080000
2 0.530625 0.647500 0.053750 0.085000
2 0.531875 0.730833 0.051250 0.078333
2 0.527500 0.810833 0.057500 0.068333
2 0.648125 0.510833 0.053750 0.075000
2 0.645625 0.603333 0.051250 0.080000
2 0.644375 0.678333 0.043750 0.066667
2 0.641875 0.746667 0.041250 0.060000
2 0.640000 0.805000 0.040000 0.056667
1 0.768750 0.201667 0.085000 0.063333
1 0.761875 0.318333 0.081250 0.060000
1 0.751875 0.416667 0.086250 0.053333
1 0.748750 0.507500 0.075000 0.045000
1 0.738750 0.595000 0.075000 0.046667
1 0.731875 0.677500 0.071250 0.045000
1 0.729375 0.753333 0.068750 0.046667
