1 0.184444 0.226875 0.124444 0.028750
1 0.184444 0.290625 0.142222 0.036250
1 0.176667 0.350625 0.135556 0.038750
1 0.176667 0.408750 0.144444 0.040000
1 0.172222 0.459375 0.140000 0.031250
1 0.176667 0.511875 0.135556 0.043750
1 0.167778 0.561250 0.153333 0.040000
1 0.168889 0.611875 0.128889 0.043750
1 0.155556 0.658750 0.137778 0.042500
1 0.153333 0.703750 0.137778 0.042500
1 0.145556 0.746250 0.126667 0.042500
0 0.486667 0.207500 0.177778 0.040000
2 0.477778 0.266875 0.128889 0.051250
2 0.473333 0.323750 0.111111 0.042500
2 0.463333 0.385000 0.104444 0.035000
2 0.452222 0.441250 0.104444 0.032500
2 0.452222 0.500625 0.104444 0.033750
1 0.427778 0.551875 0.091111 0.028750
1 0.411111 0.653750 0.088889 0.035000
2 0.392222 0.705625 0.077778 0.026250
