1 0.594167 0.115000 0.065000 0.040000
1 0.441667 0.173750 0.056667 0.027500
1 0.594167 0.186875 0.071667 0.041250
1 0.445833 0.231875 0.045000 0.026250
1 0.591667 0.255625 0.063333 0.028750
1 0.450833 0.285000 0.041667 0.022500
1 0.595833 0.315000 0.058333 0.025000
1 0.455000 0.336875 0.040000 0.023750
1 0.455000 0.385000 0.040000 0.017500
1 0.593333 0.373750 0.063333 0.020000
0 0.850833 0.261875 0.248333 0.056250
2 0.854167 0.120625 0.128333 0.051250
0 0.629167 0.070625 0.175000 0.038750
2 0.472500 0.575000 0.031667 0.025000
1 0.625000 0.611250 0.090000 0.047500
1 0.460833 0.607500 0.061667 0.042500
1 0.469167 0.663750 0.061667 0.047500
1 0.471667 0.720000 0.056667 0.045000
1 0.478333 0.770000 0.050000 0.040000
3 0.572500 0.672500 0.101667 0.077500
3 0.576667 0.737500 0.106667 0.080000
2 0.830833 0.321250 0.121667 0.057500
0 0.286667 0.503125 0.063333 0.043750
0 0.287500 0.552500 0.058333 0.047500
0 0.295000 0.593125 0.056667 0.033750
