0 0.383333 0.471875 0.083333 0.016250
0 0.369167 0.526875 0.088333 0.016250
0 0.372500 0.571250 0.115000 0.020000
0 0.372500 0.606875 0.108333 0.021250
0 0.499167 0.568125 0.085000 0.018750
0 0.390833 0.641250 0.075000 0.015000
0 0.389167 0.676875 0.068333 0.016250
0 0.611667 0.566250 0.086667 0.017500
0 0.611667 0.601250 0.083333 0.017500
0 0.612500 0.636875 0.081667 0.018750
2 0.600000 0.520000 0.053333 0.022500
2 0.602500 0.660625 0.048333 0.018750
2 0.598333 0.696250 0.053333 0.022500
2 0.490833 0.702500 0.058333 0.022500
1 0.581667 0.442500 0.046667 0.017500
1 0.472500 0.496250 0.058333 0.017500
1 0.476667 0.524375 0.056667 0.021250
2 0.363333 0.491250 0.043333 0.022500
2 0.585833 0.473125 0.028333 0.013750
7 0.455000 0.447500 0.040000 0.010000
