1 0.657500 0.412500 0.051667 0.020000
0 0.668333 0.462500 0.106667 0.017500
0 0.670000 0.495000 0.100000 0.015000
0 0.676667 0.555625 0.103333 0.013750
0 0.683333 0.580625 0.106667 0.011250
0 0.807500 0.676875 0.095000 0.016250
0 0.697500 0.633125 0.078333 0.016250
2 0.674167 0.597500 0.045000 0.020000
2 0.792500 0.458750 0.071667 0.032500
2 0.795000 0.496250 0.073333 0.032500
2 0.795000 0.532500 0.073333 0.030000
2 0.798333 0.565625 0.073333 0.028750
2 0.794167 0.355000 0.068333 0.030000
2 0.795833 0.316875 0.075000 0.033750
3 0.825833 0.415000 0.091667 0.020000
1 0.667500 0.513125 0.048333 0.021250
1 0.927500 0.245000 0.071667 0.025000
1 0.928333 0.278750 0.066667 0.027500
1 0.930000 0.312500 0.070000 0.027500
1 0.930000 0.343125 0.070000 0.018750
1 0.927500 0.374375 0.068333 0.026250
1 0.931667 0.403750 0.066667 0.022500
1 0.926667 0.433125 0.060000 0.023750
1 0.926667 0.463125 0.066667 0.026250
1 0.930000 0.493125 0.070000 0.021250
1 0.925000 0.521875 0.066667 0.021250
1 0.927500 0.550000 0.065000 0.022500
1 0.930000 0.575625 0.063333 0.026250
1 0.934167 0.603125 0.061667 0.018750
1 0.931667 0.634375 0.063333 0.023750
