2 0.383125 0.630833 0.091250 0.055000
2 0.382500 0.695000 0.080000 0.063333
2 0.383750 0.755833 0.085000 0.058333
2 0.388125 0.818333 0.083750 0.056667
2 0.494375 0.630000 0.083750 0.056667
2 0.499375 0.691667 0.083750 0.056667
2 0.500000 0.755000 0.087500 0.056667
2 0.504375 0.814167 0.093750 0.055000
1 0.621250 0.618333 0.055000 0.026667
1 0.621875 0.682500 0.056250 0.035000
1 0.621875 0.746667 0.051250 0.033333
1 0.620625 0.810000 0.053750 0.033333
0 0.765000 0.639167 0.102500 0.028333
0 0.761875 0.706667 0.091250 0.030000
0 0.762500 0.770833 0.092500 0.028333
0 0.761875 0.835000 0.091250 0.030000
0 0.886875 0.635833 0.093750 0.025000
0 0.888125 0.703333 0.096250 0.036667
0 0.884375 0.768333 0.088750 0.040000
0 0.882500 0.832500 0.095000 0.031667
