2 0.830833 0.357500 0.061667 0.025000
2 0.826667 0.390000 0.066667 0.022500
2 0.825833 0.424375 0.061667 0.026250
2 0.826667 0.456250 0.066667 0.025000
2 0.819167 0.483750 0.048333 0.020000
2 0.818333 0.515000 0.056667 0.017500
2 0.818333 0.545000 0.053333 0.017500
2 0.815833 0.576250 0.055000 0.020000
2 0.815833 0.605000 0.051667 0.017500
2 0.814167 0.636875 0.051667 0.021250
3 0.965000 0.491875 0.066667 0.013750
1 0.936667 0.516875 0.046667 0.013750
1 0.933333 0.542500 0.043333 0.012500
1 0.934167 0.568125 0.048333 0.013750
1 0.933333 0.593750 0.043333 0.012500
1 0.932500 0.618125 0.045000 0.013750
1 0.931667 0.643750 0.043333 0.012500
0 0.720833 0.641250 0.075000 0.015000
0 0.709167 0.590625 0.095000 0.011250
2 0.701667 0.606250 0.033333 0.015000
0 0.707500 0.566875 0.088333 0.011250
2 0.707500 0.531875 0.051667 0.018750
0 0.707500 0.513125 0.098333 0.016250
0 0.709167 0.451875 0.105000 0.016250
1 0.702500 0.469375 0.045000 0.016250
1 0.704167 0.405625 0.045000 0.016250
