7 0.510625 0.218333 0.071250 0.036667
0 0.390625 0.189167 0.123750 0.055000
0 0.560625 0.140000 0.126250 0.050000
0 0.394375 0.285833 0.123750 0.048333
0 0.378125 0.425833 0.118750 0.035000
0 0.378125 0.563333 0.163750 0.046667
0 0.380625 0.655000 0.156250 0.046667
0 0.386250 0.734167 0.155000 0.048333
0 0.388125 0.804167 0.148750 0.055000
0 0.391250 0.871667 0.145000 0.040000
0 0.745625 0.563333 0.128750 0.043333
0 0.736875 0.640833 0.126250 0.035000
0 0.731875 0.726667 0.123750 0.046667
0 0.565625 0.796667 0.116250 0.026667
0 0.565000 0.727500 0.127500 0.031667
0 0.567500 0.648333 0.120000 0.033333
0 0.573750 0.560000 0.132500 0.043333
1 0.538750 0.370833 0.092500 0.051667
1 0.538750 0.454167 0.087500 0.058333
2 0.738125 0.439167 0.083750 0.065000
2 0.551875 0.856667 0.086250 0.046667
2 0.712500 0.779167 0.077500 0.055000
2 0.706250 0.852500 0.075000 0.048333
1 0.710000 0.201667 0.072500 0.050000
2 0.705625 0.288333 0.036250 0.030000
