1 0.365625 0.095556 0.083750 0.066667
1 0.566875 0.046667 0.071250 0.066667
1 0.558750 0.181111 0.072500 0.060000
0 0.561250 0.350000 0.145000 0.046667
0 0.558125 0.466667 0.143750 0.048889
2 0.359375 0.235556 0.071250 0.066667
2 0.360000 0.337778 0.072500 0.066667
2 0.380625 0.441111 0.078750 0.073333
2 0.387500 0.562222 0.080000 0.075556
2 0.386250 0.673333 0.085000 0.066667
2 0.387500 0.775556 0.080000 0.066667
2 0.391250 0.876667 0.077500 0.064444
1 0.546250 0.516667 0.062500 0.046667
1 0.541250 0.604444 0.055000 0.053333
1 0.538125 0.685556 0.056250 0.055556
1 0.532500 0.765556 0.055000 0.055556
1 0.530000 0.834444 0.057500 0.055556
