2 0.598333 0.405625 0.070000 0.028750
2 0.613333 0.481250 0.070000 0.027500
2 0.623333 0.553750 0.066667 0.027500
2 0.633333 0.618125 0.063333 0.023750
2 0.637500 0.680000 0.058333 0.022500
2 0.640833 0.741250 0.058333 0.020000
2 0.648333 0.798750 0.063333 0.022500
2 0.652500 0.854375 0.055000 0.018750
2 0.657500 0.901875 0.055000 0.021250
2 0.661667 0.946250 0.056667 0.017500
1 0.825000 0.376250 0.100000 0.027500
1 0.815833 0.441875 0.101667 0.026250
1 0.819167 0.503125 0.091667 0.028750
1 0.812500 0.561250 0.088333 0.022500
1 0.815000 0.619375 0.086667 0.023750
1 0.814167 0.670000 0.085000 0.022500
1 0.816667 0.717500 0.083333 0.020000
1 0.815000 0.766250 0.086667 0.020000
1 0.807500 0.809375 0.078333 0.018750
3 0.776667 0.858125 0.120000 0.026250
3 0.776667 0.898125 0.120000 0.021250
3 0.777500 0.936250 0.108333 0.017500
2 0.958333 0.404375 0.083333 0.033750
2 0.950833 0.485625 0.078333 0.028750
2 0.946667 0.555000 0.073333 0.030000
2 0.940833 0.622500 0.078333 0.037500
2 0.938333 0.686250 0.076667 0.027500
2 0.931667 0.743125 0.083333 0.021250
2 0.927500 0.798125 0.065000 0.028750
2 0.915833 0.851875 0.055000 0.018750
2 0.918333 0.901875 0.070000 0.023750
0 0.300000 0.578125 0.133333 0.021250
0 0.309167 0.623750 0.125000 0.022500
0 0.319167 0.668125 0.121667 0.021250
0 0.331667 0.710625 0.120000 0.026250
0 0.349167 0.748125 0.115000 0.021250
0 0.353333 0.786875 0.110000 0.021250
0 0.365000 0.821875 0.113333 0.021250
0 0.367500 0.857500 0.115000 0.027500
0 0.441667 0.587500 0.126667 0.025000
0 0.456667 0.642500 0.120000 0.022500
0 0.460833 0.695625 0.115000 0.018750
0 0.476667 0.749375 0.113333 0.023750
0 0.482500 0.794375 0.115000 0.018750
0 0.490833 0.841250 0.111667 0.020000
0 0.489167 0.880000 0.105000 0.017500
