1 0.431875 0.587500 0.033750 0.021667
1 0.435000 0.619167 0.035000 0.025000
1 0.435000 0.696667 0.032500 0.020000
2 0.502500 0.571667 0.027500 0.020000
0 0.513125 0.662500 0.063750 0.021667
0 0.526250 0.712500 0.057500 0.025000
0 0.605625 0.711667 0.061250 0.020000
0 0.525625 0.760000 0.061250 0.020000
0 0.605000 0.758333 0.057500 0.023333
0 0.526250 0.801667 0.055000 0.020000
0 0.606250 0.800833 0.060000 0.018333
0 0.526250 0.845833 0.057500 0.021667
0 0.597500 0.847500 0.077500 0.021667
0 0.516250 0.894167 0.077500 0.021667
0 0.516875 0.935000 0.073750 0.020000
0 0.438750 0.939167 0.072500 0.025000
0 0.436875 0.896667 0.073750 0.023333
0 0.439375 0.850000 0.076250 0.023333
0 0.438125 0.805833 0.078750 0.025000
0 0.440625 0.761667 0.078750 0.026667
2 0.598750 0.878333 0.037500 0.030000
2 0.598750 0.921667 0.037500 0.030000
2 0.580625 0.591667 0.021250 0.016667
2 0.590625 0.638333 0.021250 0.016667
2 0.510000 0.595833 0.020000 0.015000
