0 0.334375 0.287500 0.123750 0.045000
0 0.316875 0.557500 0.168750 0.045000
0 0.321875 0.650833 0.158750 0.045000
0 0.325625 0.726667 0.158750 0.043333
0 0.331250 0.804167 0.152500 0.031667
0 0.336875 0.876667 0.141250 0.036667
0 0.663750 0.715833 0.120000 0.031667
0 0.671875 0.635833 0.126250 0.035000
0 0.673125 0.550833 0.126250 0.035000
0 0.505625 0.790833 0.118750 0.031667
0 0.505625 0.720833 0.126250 0.035000
0 0.504375 0.638333 0.121250 0.040000
0 0.506875 0.556667 0.126250 0.036667
1 0.636875 0.201667 0.073750 0.046667
0 0.313750 0.425000 0.112500 0.033333
2 0.306875 0.337500 0.061250 0.048333
1 0.463750 0.369167 0.095000 0.058333
1 0.468750 0.446667 0.087500 0.050000
2 0.667500 0.433333 0.090000 0.056667
2 0.648750 0.769167 0.077500 0.051667
2 0.646250 0.845000 0.070000 0.050000
2 0.495625 0.852500 0.086250 0.051667
2 0.635000 0.286667 0.040000 0.030000
7 0.441875 0.218333 0.061250 0.020000
