2 0.643333 0.291250 0.070000 0.075000
2 0.639167 0.366875 0.065000 0.073750
2 0.636667 0.440625 0.063333 0.068750
2 0.635000 0.506875 0.060000 0.063750
2 0.628333 0.571875 0.070000 0.066250
2 0.622500 0.635625 0.061667 0.056250
2 0.620833 0.695625 0.058333 0.058750
2 0.622500 0.754375 0.068333 0.058750
2 0.614167 0.810000 0.055000 0.060000
2 0.606667 0.861875 0.063333 0.053750
1 0.763333 0.688750 0.086667 0.035000
1 0.765833 0.736875 0.088333 0.036250
1 0.760000 0.785625 0.103333 0.048750
1 0.751667 0.829375 0.106667 0.043750
1 0.755000 0.875625 0.110000 0.046250
2 0.440833 0.610000 0.091667 0.037500
2 0.439167 0.670625 0.095000 0.038750
2 0.431667 0.726875 0.090000 0.036250
2 0.432500 0.785625 0.091667 0.038750
2 0.438333 0.840625 0.093333 0.033750
1 0.454167 0.545625 0.121667 0.028750
0 0.455000 0.513125 0.123333 0.028750
0 0.460000 0.451875 0.136667 0.028750
2 0.495833 0.386875 0.051667 0.051250
2 0.495000 0.333750 0.056667 0.057500
1 0.773333 0.574375 0.106667 0.026250
1 0.773333 0.528750 0.103333 0.027500
1 0.780833 0.484375 0.105000 0.021250
1 0.785833 0.438750 0.091667 0.027500
1 0.793333 0.388125 0.100000 0.028750
1 0.794167 0.338750 0.098333 0.030000
2 0.340833 0.268750 0.078333 0.032500
2 0.334167 0.327500 0.085000 0.030000
2 0.337500 0.388125 0.081667 0.026250
2 0.340833 0.444375 0.075000 0.026250
2 0.341667 0.498125 0.066667 0.026250
2 0.340833 0.549375 0.068333 0.026250
2 0.348333 0.599375 0.060000 0.023750
2 0.350833 0.645625 0.071667 0.023750
2 0.348333 0.696250 0.070000 0.027500
2 0.346667 0.741250 0.066667 0.025000
2 0.497500 0.218125 0.088333 0.036250
