0 0.084444 0.436875 0.115556 0.016250
0 0.195556 0.459375 0.106667 0.016250
0 0.298889 0.443125 0.095556 0.016250
1 0.300000 0.459375 0.071111 0.016250
1 0.301111 0.495625 0.068889 0.016250
1 0.301111 0.530000 0.073333 0.012500
1 0.276667 0.558125 0.060000 0.011250
1 0.273333 0.587500 0.062222 0.012500
1 0.272222 0.613750 0.064444 0.012500
1 0.256667 0.642500 0.060000 0.015000
2 0.212222 0.549375 0.042222 0.016250
2 0.212222 0.586250 0.046667 0.012500
2 0.208889 0.620625 0.040000 0.011250
2 0.202222 0.657500 0.044444 0.012500
2 0.112222 0.473125 0.051111 0.013750
2 0.112222 0.511250 0.051111 0.015000
