2 0.450000 0.655833 0.060000 0.038333
2 0.451250 0.699167 0.060000 0.048333
2 0.452500 0.737500 0.060000 0.038333
2 0.523750 0.642500 0.035000 0.021667
2 0.527500 0.682500 0.035000 0.018333
2 0.525625 0.723333 0.033750 0.020000
2 0.596875 0.641667 0.033750 0.016667
1 0.597500 0.684167 0.035000 0.025000
1 0.598125 0.727500 0.031250 0.025000
0 0.685625 0.660833 0.058750 0.018333
0 0.688125 0.700833 0.053750 0.021667
0 0.688125 0.742500 0.058750 0.025000
0 0.763750 0.654167 0.062500 0.021667
0 0.763750 0.697500 0.057500 0.021667
0 0.766250 0.740000 0.060000 0.020000
