2 0.311250 0.193333 0.047500 0.040000
2 0.290625 0.253333 0.056250 0.046667
2 0.298750 0.353333 0.055000 0.050000
2 0.305625 0.442500 0.051250 0.045000
2 0.306875 0.530000 0.041250 0.036667
2 0.313125 0.614167 0.046250 0.041667
2 0.316250 0.690833 0.042500 0.041667
2 0.318125 0.764167 0.041250 0.035000
0 0.408125 0.365833 0.103750 0.045000
0 0.410625 0.458333 0.103750 0.056667
2 0.441250 0.536667 0.037500 0.030000
2 0.442500 0.604167 0.035000 0.028333
0 0.418750 0.682500 0.095000 0.051667
0 0.419375 0.764167 0.086250 0.051667
0 0.423125 0.835000 0.088750 0.050000
0 0.425000 0.910000 0.090000 0.060000
1 0.540625 0.329167 0.073750 0.045000
1 0.540000 0.426667 0.075000 0.043333
1 0.538750 0.505000 0.075000 0.046667
1 0.540625 0.578333 0.078750 0.046667
1 0.540000 0.650833 0.080000 0.055000
1 0.539375 0.786667 0.071250 0.046667
1 0.506875 0.845000 0.058750 0.050000
1 0.528750 0.916667 0.067500 0.053333
