1 0.328333 0.309375 0.073333 0.041250
1 0.335833 0.376250 0.078333 0.040000
1 0.343333 0.435625 0.070000 0.038750
1 0.346667 0.496250 0.070000 0.045000
1 0.509167 0.250625 0.065000 0.041250
1 0.506667 0.309375 0.050000 0.036250
1 0.510000 0.360625 0.053333 0.028750
1 0.514167 0.411250 0.051667 0.030000
0 0.623333 0.289375 0.090000 0.031250
2 0.620000 0.326250 0.046667 0.032500
0 0.582500 0.620000 0.085000 0.047500
0 0.585000 0.687500 0.086667 0.055000
1 0.791667 0.491875 0.036667 0.023750
1 0.788333 0.541250 0.036667 0.022500
1 0.777500 0.588750 0.035000 0.025000
3 0.826667 0.517500 0.046667 0.030000
3 0.825000 0.559375 0.046667 0.026250
2 0.629167 0.140625 0.061667 0.041250
2 0.625833 0.209375 0.065000 0.038750
