1 0.349375 0.357500 0.058750 0.051667
1 0.351875 0.450833 0.058750 0.035000
1 0.360625 0.533333 0.056250 0.043333
1 0.368125 0.619167 0.053750 0.035000
1 0.370625 0.696667 0.053750 0.030000
1 0.550000 0.278333 0.085000 0.060000
1 0.551250 0.385833 0.075000 0.055000
1 0.552500 0.488333 0.077500 0.050000
1 0.556250 0.585000 0.072500 0.036667
1 0.562500 0.676667 0.075000 0.040000
0 0.575000 0.213333 0.205000 0.063333
0 0.838750 0.502500 0.262500 0.088333
2 0.842500 0.298333 0.137500 0.110000
2 0.945625 0.320833 0.046250 0.045000
2 0.827500 0.590000 0.132500 0.096667
2 0.928125 0.634167 0.043750 0.035000
