0 0.345625 0.241667 0.073750 0.033333
0 0.345000 0.301667 0.075000 0.030000
0 0.343750 0.360000 0.070000 0.030000
0 0.435625 0.308333 0.091250 0.036667
0 0.431250 0.365000 0.087500 0.036667
0 0.430625 0.421667 0.088750 0.040000
0 0.429375 0.479167 0.093750 0.041667
2 0.333125 0.395000 0.043750 0.033333
2 0.334375 0.448333 0.046250 0.040000
0 0.291875 0.547500 0.091250 0.035000
0 0.290625 0.595833 0.086250 0.035000
0 0.291250 0.642500 0.087500 0.035000
0 0.290625 0.685833 0.086250 0.031667
0 0.291250 0.731667 0.085000 0.040000
0 0.291250 0.774167 0.082500 0.038333
0 0.291875 0.821667 0.086250 0.046667
2 0.398750 0.530000 0.050000 0.040000
2 0.397500 0.594167 0.052500 0.045000
2 0.394375 0.648333 0.051250 0.040000
2 0.390625 0.706667 0.048750 0.040000
2 0.390625 0.765000 0.048750 0.036667
2 0.388125 0.824167 0.046250 0.038333
1 0.439375 0.221667 0.043750 0.026667
2 0.536875 0.285833 0.038750 0.031667
2 0.535000 0.334167 0.040000 0.031667
2 0.543750 0.390000 0.052500 0.040000
2 0.541250 0.450000 0.052500 0.040000
1 0.528125 0.493333 0.041250 0.023333
1 0.528750 0.541667 0.045000 0.026667
1 0.525625 0.585833 0.043750 0.018333
1 0.525000 0.631667 0.042500 0.023333
1 0.521250 0.675833 0.040000 0.021667
1 0.520625 0.719167 0.038750 0.021667
1 0.517500 0.765000 0.040000 0.023333
1 0.514375 0.808333 0.038750 0.020000
2 0.547500 0.220000 0.025000 0.020000
