2 0.216667 0.494375 0.066667 0.026250
2 0.217500 0.519375 0.065000 0.023750
1 0.231667 0.540000 0.036667 0.017500
1 0.228333 0.561875 0.036667 0.018750
1 0.230000 0.586250 0.036667 0.015000
2 0.227500 0.610000 0.038333 0.015000
0 0.242500 0.640000 0.065000 0.010000
0 0.241667 0.661250 0.066667 0.007500
0 0.242500 0.684375 0.068333 0.013750
0 0.320833 0.678125 0.055000 0.008750
2 0.305000 0.654375 0.060000 0.018750
1 0.308333 0.626250 0.036667 0.015000
2 0.305833 0.606250 0.058333 0.025000
2 0.308333 0.581250 0.056667 0.025000
0 0.327500 0.564375 0.051667 0.011250
