1 0.095556 0.388750 0.097778 0.022500
1 0.295556 0.416250 0.097778 0.022500
1 0.093333 0.436250 0.093333 0.025000
2 0.081111 0.481875 0.068889 0.026250
2 0.081111 0.520000 0.077778 0.030000
2 0.107778 0.552500 0.064444 0.017500
2 0.107778 0.609375 0.104444 0.031250
2 0.110000 0.653750 0.108889 0.035000
2 0.102222 0.693750 0.106667 0.042500
2 0.102222 0.736250 0.106667 0.030000
0 0.323333 0.478125 0.117778 0.018750
0 0.316667 0.522500 0.140000 0.030000
0 0.318889 0.565000 0.148889 0.027500
1 0.284444 0.590000 0.084444 0.030000
1 0.283333 0.637500 0.095556 0.022500
1 0.293333 0.676875 0.088889 0.026250
1 0.297778 0.713750 0.084444 0.020000
1 0.291111 0.750000 0.084444 0.020000
