3 0.392500 0.619167 0.112500 0.035000
3 0.375625 0.700000 0.113750 0.043333
0 0.543750 0.711667 0.125000 0.040000
0 0.553125 0.800000 0.118750 0.046667
0 0.557500 0.885000 0.112500 0.036667
0 0.564375 0.966667 0.116250 0.040000
1 0.688750 0.489167 0.100000 0.041667
1 0.689375 0.575000 0.103750 0.050000
1 0.683750 0.655833 0.090000 0.041667
1 0.686875 0.728333 0.083750 0.033333
1 0.693125 0.808333 0.086250 0.030000
1 0.695625 0.877500 0.083750 0.031667
1 0.695625 0.940833 0.081250 0.031667
2 0.885625 0.517500 0.051250 0.041667
2 0.873750 0.602500 0.047500 0.035000
2 0.839375 0.649167 0.061250 0.041667
1 0.831875 0.743333 0.078750 0.040000
2 0.854375 0.860000 0.048750 0.026667
2 0.849375 0.937500 0.046250 0.031667
