3 0.501875 0.087778 0.121250 0.068889
1 0.564375 0.216667 0.083750 0.073333
1 0.561875 0.356667 0.083750 0.068889
1 0.564375 0.483333 0.076250 0.064444
2 0.578750 0.612222 0.082500 0.068889
2 0.584375 0.730000 0.086250 0.077778
2 0.588750 0.836667 0.082500 0.086667
2 0.593750 0.934444 0.077500 0.068889
2 0.413750 0.630000 0.067500 0.068889
2 0.423125 0.726667 0.073750 0.075556
2 0.431250 0.831111 0.075000 0.071111
1 0.385000 0.527778 0.062500 0.046667
1 0.375625 0.431111 0.063750 0.053333
1 0.371250 0.331111 0.065000 0.057778
1 0.365000 0.227778 0.067500 0.060000
