0 0.087500 0.628333 0.057500 0.036667
0 0.088125 0.693333 0.051250 0.040000
0 0.090625 0.752500 0.051250 0.048333
0 0.091250 0.809167 0.052500 0.045000
0 0.098125 0.869167 0.053750 0.048333
0 0.155625 0.863333 0.058750 0.036667
0 0.152500 0.810000 0.062500 0.036667
0 0.148750 0.750833 0.060000 0.035000
0 0.148125 0.690833 0.061250 0.035000
0 0.146875 0.632500 0.063750 0.031667
0 0.208750 0.610000 0.050000 0.026667
0 0.228125 0.700833 0.056250 0.041667
0 0.286875 0.699167 0.051250 0.025000
0 0.229375 0.757500 0.058750 0.048333
0 0.286875 0.759167 0.051250 0.041667
0 0.228750 0.820000 0.057500 0.043333
0 0.286875 0.820000 0.051250 0.050000
0 0.231250 0.883333 0.057500 0.050000
0 0.290000 0.877500 0.055000 0.038333
1 0.696875 0.272500 0.038750 0.031667
1 0.815000 0.330000 0.040000 0.023333
1 0.813125 0.375000 0.043750 0.023333
1 0.813125 0.416667 0.041250 0.023333
1 0.809375 0.460000 0.041250 0.020000
1 0.811250 0.500833 0.045000 0.028333
1 0.811250 0.542500 0.040000 0.021667
1 0.809375 0.580000 0.038750 0.026667
1 0.806875 0.621667 0.041250 0.023333
1 0.805000 0.665833 0.045000 0.025000
1 0.801875 0.700833 0.038750 0.028333
1 0.890625 0.379167 0.046250 0.025000
1 0.890625 0.423333 0.048750 0.026667
1 0.886250 0.470000 0.047500 0.026667
1 0.888750 0.513333 0.045000 0.026667
1 0.888125 0.558333 0.046250 0.026667
1 0.885625 0.600000 0.043750 0.023333
1 0.883750 0.642500 0.040000 0.028333
1 0.879375 0.683333 0.038750 0.023333
1 0.877500 0.724167 0.042500 0.028333
1 0.873750 0.764167 0.042500 0.028333
1 0.878125 0.805833 0.046250 0.028333
1 0.962500 0.739167 0.050000 0.028333
0 0.711250 0.379167 0.062500 0.025000
2 0.691875 0.327500 0.033750 0.031667
2 0.705000 0.424167 0.050000 0.038333
2 0.698125 0.476667 0.053750 0.050000
2 0.698750 0.527500 0.050000 0.045000
2 0.695625 0.576667 0.048750 0.046667
2 0.693125 0.625000 0.051250 0.050000
2 0.693750 0.675000 0.052500 0.040000
2 0.691875 0.724167 0.048750 0.045000
2 0.690000 0.770833 0.045000 0.045000
2 0.686250 0.820833 0.047500 0.045000
