0 0.898125 0.319167 0.168750 0.038333
0 0.918125 0.387500 0.121250 0.041667
1 0.881875 0.436667 0.078750 0.046667
3 0.935000 0.521667 0.112500 0.040000
1 0.897500 0.587500 0.075000 0.038333
1 0.893125 0.655000 0.073750 0.036667
1 0.886875 0.721667 0.068750 0.036667
1 0.881250 0.787500 0.072500 0.038333
1 0.876875 0.849167 0.068750 0.035000
1 0.873750 0.905000 0.062500 0.026667
1 0.871875 0.970833 0.066250 0.028333
2 0.713125 0.935833 0.066250 0.058333
2 0.713750 0.868333 0.072500 0.056667
2 0.719375 0.795000 0.068750 0.053333
2 0.719375 0.722500 0.071250 0.051667
2 0.717500 0.641667 0.067500 0.050000
0 0.719375 0.596667 0.141250 0.053333
0 0.717500 0.514167 0.145000 0.048333
2 0.705000 0.408333 0.112500 0.076667
2 0.710000 0.321667 0.122500 0.083333
2 0.695000 0.244167 0.085000 0.055000
