1 0.092222 0.386875 0.082222 0.023750
1 0.294444 0.417500 0.091111 0.027500
1 0.092222 0.438125 0.091111 0.026250
0 0.327778 0.480000 0.126667 0.027500
0 0.320000 0.522500 0.146667 0.027500
0 0.318889 0.566875 0.148889 0.028750
1 0.281111 0.589375 0.082222 0.021250
1 0.280000 0.634375 0.088889 0.023750
1 0.292222 0.676875 0.086667 0.021250
1 0.294444 0.713125 0.095556 0.023750
1 0.291111 0.748750 0.084444 0.022500
2 0.101111 0.736875 0.104444 0.031250
2 0.102222 0.695000 0.097778 0.035000
2 0.104444 0.653125 0.102222 0.036250
2 0.104444 0.610625 0.120000 0.038750
2 0.084444 0.517500 0.080000 0.027500
2 0.078889 0.480000 0.073333 0.032500
2 0.111111 0.551250 0.062222 0.022500
