1 0.513333 0.195625 0.143333 0.063750
1 0.315000 0.268750 0.116667 0.052500
1 0.592500 0.303125 0.111667 0.041250
1 0.600000 0.396875 0.116667 0.031250
1 0.617500 0.490000 0.118333 0.032500
1 0.628333 0.574375 0.120000 0.036250
1 0.630000 0.657500 0.116667 0.040000
1 0.416667 0.635625 0.096667 0.033750
1 0.422500 0.700000 0.085000 0.030000
1 0.423333 0.768125 0.086667 0.036250
1 0.640000 0.737500 0.116667 0.040000
1 0.630833 0.810000 0.101667 0.042500
1 0.641667 0.881875 0.100000 0.036250
1 0.433333 0.842500 0.083333 0.035000
1 0.915833 0.778750 0.135000 0.050000
1 0.910000 0.862500 0.126667 0.050000
1 0.910000 0.939375 0.126667 0.053750
1 0.839167 0.671250 0.141667 0.035000
1 0.840000 0.558750 0.166667 0.050000
2 0.895000 0.490625 0.116667 0.046250
2 0.886667 0.355000 0.123333 0.045000
2 0.850000 0.215625 0.116667 0.053750
2 0.335833 0.375625 0.101667 0.041250
2 0.354167 0.476250 0.085000 0.047500
2 0.410833 0.600625 0.058333 0.031250
2 0.242500 0.793125 0.068333 0.033750
2 0.225833 0.713125 0.065000 0.036250
2 0.210833 0.640625 0.068333 0.038750
2 0.196667 0.556250 0.070000 0.037500
2 0.169167 0.470625 0.065000 0.033750
2 0.156667 0.383125 0.070000 0.033750
2 0.130000 0.285625 0.060000 0.041250
