2 0.655000 0.296875 0.093333 0.033750
1 0.641667 0.388750 0.083333 0.040000
3 0.680833 0.468125 0.118333 0.043750
1 0.625000 0.513750 0.070000 0.035000
1 0.623333 0.575625 0.070000 0.026250
1 0.608333 0.636875 0.076667 0.026250
1 0.603333 0.693750 0.073333 0.030000
1 0.599167 0.743125 0.075000 0.031250
1 0.598333 0.798125 0.070000 0.028750
1 0.591667 0.848125 0.066667 0.031250
1 0.593333 0.898125 0.063333 0.028750
1 0.828333 0.519375 0.053333 0.018750
3 0.815833 0.465000 0.081667 0.027500
1 0.815833 0.388125 0.065000 0.031250
2 0.848333 0.324375 0.043333 0.066250
1 0.818333 0.576250 0.050000 0.025000
1 0.805833 0.636875 0.055000 0.026250
1 0.796667 0.690000 0.043333 0.030000
1 0.794167 0.744375 0.045000 0.038750
1 0.786667 0.798750 0.053333 0.042500
1 0.780833 0.848125 0.048333 0.038750
1 0.778333 0.896250 0.050000 0.030000
2 0.460000 0.597500 0.090000 0.060000
2 0.453333 0.659375 0.090000 0.056250
2 0.450833 0.711875 0.081667 0.063750
2 0.449167 0.772500 0.081667 0.070000
2 0.452500 0.828750 0.078333 0.057500
0 0.469167 0.548125 0.111667 0.053750
0 0.468333 0.478750 0.113333 0.045000
0 0.473333 0.419375 0.096667 0.026250
2 0.433333 0.344375 0.080000 0.036250
1 0.295833 0.221250 0.058333 0.040000
1 0.301667 0.275000 0.053333 0.037500
1 0.299167 0.325625 0.055000 0.036250
1 0.302500 0.375000 0.055000 0.037500
1 0.459167 0.221875 0.055000 0.031250
1 0.552500 0.228125 0.045000 0.023750
1 0.456667 0.273125 0.050000 0.023750
1 0.547500 0.276875 0.045000 0.023750
