0 0.334167 0.442500 0.181667 0.050000
0 0.348333 0.535625 0.170000 0.038750
0 0.364167 0.612500 0.158333 0.042500
0 0.431667 0.936250 0.136667 0.045000
2 0.675000 0.251250 0.080000 0.035000
2 0.667500 0.339375 0.071667 0.031250
1 0.598333 0.384375 0.153333 0.043750
1 0.593333 0.464375 0.140000 0.053750
1 0.586667 0.537500 0.143333 0.042500
1 0.581667 0.603125 0.133333 0.041250
1 0.585833 0.668750 0.131667 0.045000
1 0.601667 0.731875 0.113333 0.036250
1 0.598333 0.788750 0.123333 0.040000
1 0.599167 0.843125 0.121667 0.043750
1 0.603333 0.893750 0.120000 0.040000
1 0.607500 0.941875 0.111667 0.036250
1 0.850000 0.315625 0.170000 0.056250
1 0.844167 0.426875 0.161667 0.048750
2 0.883333 0.572500 0.100000 0.040000
2 0.878333 0.663125 0.093333 0.038750
2 0.825000 0.703750 0.106667 0.042500
2 0.812500 0.775625 0.091667 0.038750
2 0.810833 0.847500 0.091667 0.040000
2 0.805000 0.907500 0.083333 0.037500
