1 0.625625 0.437500 0.041250 0.031667
1 0.628125 0.477500 0.038750 0.031667
1 0.630000 0.512500 0.037500 0.035000
1 0.628750 0.549167 0.035000 0.031667
1 0.630000 0.579167 0.037500 0.031667
1 0.633125 0.616667 0.036250 0.033333
1 0.634375 0.648333 0.033750 0.033333
1 0.633125 0.683333 0.033750 0.036667
1 0.635000 0.716667 0.037500 0.033333
1 0.637500 0.749167 0.035000 0.031667
1 0.636875 0.785833 0.033750 0.038333
1 0.543750 0.470833 0.032500 0.025000
1 0.546250 0.515833 0.030000 0.021667
1 0.549375 0.560000 0.028750 0.036667
1 0.550625 0.602500 0.031250 0.028333
2 0.475625 0.485000 0.053750 0.036667
2 0.475000 0.526667 0.052500 0.043333
2 0.478750 0.570000 0.055000 0.033333
2 0.482500 0.605000 0.052500 0.033333
0 0.479375 0.455000 0.066250 0.016667
1 0.365625 0.538333 0.021250 0.013333
1 0.365625 0.565000 0.021250 0.013333
1 0.367500 0.595000 0.022500 0.020000
1 0.370000 0.621667 0.025000 0.023333
1 0.376250 0.643333 0.022500 0.016667
1 0.327500 0.538333 0.020000 0.013333
1 0.329375 0.563333 0.021250 0.016667
1 0.311250 0.593333 0.025000 0.023333
1 0.314375 0.619167 0.023750 0.021667
1 0.336250 0.640833 0.020000 0.015000
3 0.517500 0.404167 0.042500 0.015000
