2 0.604375 0.411667 0.036250 0.033333
2 0.712500 0.446667 0.040000 0.036667
2 0.729375 0.689167 0.063750 0.055000
1 0.600625 0.457500 0.046250 0.031667
1 0.609375 0.514167 0.038750 0.025000
1 0.611250 0.561667 0.042500 0.023333
1 0.611875 0.609167 0.041250 0.021667
1 0.612500 0.653333 0.035000 0.020000
1 0.613125 0.701667 0.038750 0.020000
1 0.616250 0.746667 0.037500 0.020000
1 0.616250 0.791667 0.037500 0.023333
0 0.736875 0.518333 0.071250 0.030000
1 0.714375 0.550833 0.051250 0.028333
2 0.726250 0.606667 0.035000 0.023333
0 0.741250 0.769167 0.090000 0.048333
0 0.741875 0.830000 0.088750 0.050000
5 0.706875 0.314167 0.031250 0.018333
5 0.708750 0.340000 0.030000 0.016667
