1 0.168125 0.542222 0.026250 0.017778
1 0.167500 0.584444 0.025000 0.017778
2 0.163750 0.623333 0.022500 0.020000
2 0.163125 0.658889 0.021250 0.028889
0 0.230625 0.607778 0.033750 0.011111
0 0.228750 0.644444 0.040000 0.017778
0 0.228125 0.682222 0.043750 0.017778
2 0.169375 0.737778 0.031250 0.031111
2 0.169375 0.778889 0.031250 0.028889
2 0.167500 0.820000 0.035000 0.031111
1 0.218750 0.745556 0.025000 0.020000
2 0.165000 0.861111 0.027500 0.028889
1 0.219375 0.706667 0.021250 0.022222
1 0.748750 0.625556 0.040000 0.028889
1 0.747500 0.675556 0.040000 0.031111
1 0.748125 0.720000 0.043750 0.026667
1 0.745000 0.814444 0.040000 0.028889
2 0.718750 0.510000 0.045000 0.046667
