0 0.415000 0.195000 0.080000 0.033333
0 0.414375 0.255000 0.071250 0.026667
0 0.413750 0.314167 0.072500 0.031667
0 0.506250 0.260833 0.097500 0.038333
0 0.500625 0.316667 0.096250 0.030000
0 0.628750 0.265000 0.072500 0.030000
1 0.605625 0.296667 0.046250 0.033333
1 0.606875 0.354167 0.043750 0.021667
2 0.461875 0.379167 0.038750 0.031667
2 0.459375 0.428333 0.038750 0.036667
2 0.473125 0.485000 0.051250 0.040000
2 0.471250 0.545833 0.052500 0.041667
2 0.470625 0.606667 0.053750 0.040000
2 0.465625 0.660833 0.051250 0.041667
2 0.465625 0.719167 0.051250 0.038333
2 0.464375 0.774167 0.046250 0.038333
2 0.583750 0.433333 0.057500 0.043333
2 0.581875 0.495000 0.058750 0.040000
2 0.576875 0.560000 0.058750 0.046667
2 0.572500 0.619167 0.052500 0.041667
2 0.570000 0.679167 0.052500 0.041667
2 0.568750 0.740000 0.052500 0.040000
2 0.568125 0.798333 0.053750 0.040000
0 0.365625 0.507500 0.081250 0.035000
0 0.365000 0.554167 0.085000 0.035000
0 0.365625 0.599167 0.083750 0.038333
0 0.365625 0.645000 0.083750 0.036667
0 0.366875 0.685000 0.081250 0.036667
0 0.368125 0.727500 0.086250 0.035000
0 0.367500 0.775000 0.082500 0.043333
2 0.401875 0.348333 0.043750 0.033333
