5 0.423750 0.249167 0.082500 0.145000
5 0.178750 0.286667 0.072500 0.123333
0 0.599375 0.613333 0.036250 0.016667
0 0.597500 0.635833 0.037500 0.015000
0 0.596875 0.657500 0.036250 0.015000
2 0.639375 0.606667 0.016250 0.013333
2 0.640000 0.626667 0.017500 0.013333
2 0.643125 0.646667 0.021250 0.016667
2 0.641250 0.669167 0.022500 0.015000
0 0.596250 0.680833 0.037500 0.018333
2 0.585625 0.698333 0.018750 0.016667
2 0.585000 0.722500 0.022500 0.015000
2 0.581875 0.745000 0.021250 0.016667
2 0.581250 0.770000 0.020000 0.016667
2 0.581250 0.794167 0.020000 0.015000
2 0.580625 0.819167 0.018750 0.018333
0 0.566250 0.587500 0.032500 0.015000
0 0.565625 0.612500 0.033750 0.015000
0 0.563125 0.633333 0.028750 0.010000
