2 0.239375 0.425833 0.033750 0.025000
2 0.245625 0.479167 0.031250 0.021667
2 0.246250 0.526667 0.027500 0.023333
2 0.245625 0.572500 0.023750 0.025000
2 0.248750 0.624167 0.030000 0.028333
2 0.250000 0.672500 0.025000 0.031667
2 0.250625 0.723333 0.026250 0.023333
0 0.301250 0.480833 0.055000 0.025000
0 0.303125 0.532500 0.051250 0.025000
0 0.308750 0.656667 0.052500 0.026667
0 0.307500 0.708333 0.052500 0.023333
0 0.310625 0.760000 0.058750 0.023333
0 0.309375 0.805833 0.053750 0.035000
1 0.366875 0.461667 0.033750 0.026667
1 0.370625 0.511667 0.041250 0.026667
1 0.369375 0.551667 0.038750 0.023333
1 0.371875 0.592500 0.046250 0.025000
1 0.371250 0.636667 0.037500 0.023333
1 0.373750 0.718333 0.037500 0.023333
1 0.358750 0.753333 0.035000 0.023333
1 0.368125 0.797500 0.038750 0.025000
