0 0.710625 0.374167 0.051250 0.041667
0 0.708125 0.445833 0.051250 0.045000
0 0.711250 0.520000 0.055000 0.053333
0 0.709375 0.844167 0.051250 0.068333
1 0.816875 0.339167 0.056250 0.041667
1 0.806250 0.410833 0.057500 0.045000
1 0.798125 0.473333 0.056250 0.043333
1 0.792500 0.539167 0.050000 0.048333
1 0.788125 0.595833 0.048750 0.048333
1 0.787500 0.661667 0.052500 0.060000
1 0.783125 0.717500 0.046250 0.051667
1 0.899375 0.285833 0.058750 0.041667
1 0.894375 0.386667 0.053750 0.036667
2 0.856250 0.230000 0.032500 0.023333
2 0.841250 0.304167 0.027500 0.025000
2 0.925000 0.209167 0.042500 0.048333
2 0.904375 0.530000 0.038750 0.040000
