0 0.430000 0.472500 0.072500 0.035000
0 0.516250 0.505000 0.087500 0.053333
1 0.631875 0.503333 0.053750 0.030000
3 0.661250 0.574167 0.077500 0.045000
3 0.659375 0.635000 0.086250 0.053333
3 0.661250 0.690833 0.075000 0.048333
3 0.653125 0.745833 0.073750 0.048333
3 0.655000 0.805000 0.077500 0.056667
2 0.503125 0.535000 0.038750 0.030000
2 0.505000 0.585833 0.037500 0.035000
2 0.505000 0.638333 0.037500 0.040000
2 0.505000 0.689167 0.037500 0.041667
2 0.505000 0.737500 0.037500 0.041667
2 0.430000 0.703333 0.050000 0.053333
2 0.429375 0.645000 0.046250 0.046667
2 0.426250 0.575833 0.040000 0.035000
2 0.424375 0.514167 0.038750 0.045000
