1 0.497500 0.384375 0.075000 0.021250
1 0.501667 0.473750 0.070000 0.020000
2 0.363333 0.316250 0.026667 0.012500
3 0.111667 0.288750 0.066667 0.017500
3 0.113333 0.314375 0.056667 0.016250
3 0.114167 0.338125 0.055000 0.018750
3 0.115833 0.360625 0.051667 0.018750
3 0.116667 0.385000 0.056667 0.020000
3 0.118333 0.408750 0.053333 0.015000
3 0.115833 0.433750 0.055000 0.015000
3 0.118333 0.455625 0.053333 0.013750
3 0.117500 0.480000 0.055000 0.015000
3 0.122500 0.505000 0.055000 0.015000
3 0.189167 0.289375 0.055000 0.016250
3 0.185833 0.314375 0.055000 0.016250
3 0.192500 0.338750 0.055000 0.015000
3 0.190833 0.363125 0.055000 0.016250
3 0.191667 0.386250 0.056667 0.015000
3 0.193333 0.410000 0.060000 0.015000
3 0.188333 0.433125 0.053333 0.016250
3 0.190833 0.458750 0.055000 0.017500
3 0.195833 0.482500 0.055000 0.015000
3 0.195000 0.505625 0.043333 0.013750
3 0.288333 0.303125 0.050000 0.011250
3 0.291667 0.326875 0.053333 0.018750
3 0.290833 0.346250 0.045000 0.015000
3 0.291667 0.369375 0.053333 0.013750
3 0.291667 0.391875 0.053333 0.013750
3 0.290000 0.413750 0.050000 0.015000
3 0.290000 0.433750 0.050000 0.015000
3 0.294167 0.455625 0.058333 0.013750
2 0.280000 0.482500 0.026667 0.015000
2 0.282500 0.511875 0.038333 0.013750
2 0.354167 0.481250 0.031667 0.012500
2 0.354167 0.510625 0.028333 0.008750
