2 0.501250 0.681111 0.027500 0.033333
1 0.518125 0.756667 0.023750 0.028889
1 0.516875 0.788889 0.026250 0.022222
1 0.518750 0.817778 0.022500 0.022222
1 0.518750 0.845556 0.022500 0.024444
1 0.518750 0.880000 0.022500 0.026667
1 0.138750 0.773333 0.020000 0.017778
0 0.186875 0.755556 0.031250 0.013333
0 0.186250 0.787778 0.032500 0.011111
1 0.179375 0.801111 0.021250 0.024444
1 0.178125 0.832222 0.021250 0.020000
1 0.176250 0.862222 0.017500 0.026667
2 0.138125 0.801111 0.018750 0.024444
2 0.141875 0.885556 0.026250 0.028889
2 0.140625 0.916667 0.023750 0.028889
2 0.140625 0.951111 0.026250 0.026667
2 0.140625 0.977778 0.026250 0.026667
