1 0.105556 0.351875 0.095556 0.026250
1 0.104444 0.402500 0.084444 0.025000
1 0.321111 0.382500 0.091111 0.025000
2 0.095556 0.450625 0.075556 0.026250
2 0.098889 0.491875 0.073333 0.031250
2 0.126667 0.524375 0.062222 0.021250
2 0.130000 0.585625 0.108889 0.036250
2 0.128889 0.630625 0.106667 0.036250
2 0.132222 0.675000 0.113333 0.035000
2 0.131111 0.717500 0.106667 0.032500
1 0.325556 0.728125 0.095556 0.018750
1 0.330000 0.691875 0.091111 0.021250
1 0.326667 0.655000 0.093333 0.020000
1 0.311111 0.611875 0.084444 0.021250
1 0.314444 0.565625 0.082222 0.021250
0 0.351111 0.541250 0.151111 0.025000
0 0.352222 0.493125 0.153333 0.026250
0 0.360000 0.447500 0.137778 0.020000
