1 0.466875 0.240000 0.068750 0.036667
0 0.480000 0.357500 0.147500 0.045000
0 0.480625 0.445833 0.143750 0.045000
0 0.478125 0.525833 0.146250 0.038333
1 0.466250 0.570833 0.052500 0.038333
2 0.476875 0.647500 0.071250 0.041667
2 0.470625 0.724167 0.068750 0.045000
2 0.470000 0.799167 0.070000 0.038333
2 0.645625 0.183333 0.071250 0.050000
2 0.643125 0.261667 0.048750 0.036667
2 0.640625 0.366667 0.078750 0.060000
1 0.626250 0.446667 0.070000 0.043333
0 0.650000 0.548333 0.095000 0.033333
0 0.646875 0.612500 0.096250 0.035000
0 0.641250 0.673333 0.095000 0.030000
2 0.602500 0.715833 0.052500 0.041667
2 0.620625 0.785833 0.066250 0.045000
2 0.620000 0.855000 0.070000 0.046667
