1 0.776250 0.226667 0.045000 0.030000
1 0.774375 0.276667 0.046250 0.033333
2 0.778125 0.330833 0.051250 0.035000
1 0.746250 0.425833 0.042500 0.025000
2 0.766250 0.507500 0.032500 0.025000
2 0.759375 0.560833 0.028750 0.018333
2 0.761250 0.615000 0.027500 0.026667
2 0.739375 0.644167 0.028750 0.021667
2 0.741250 0.699167 0.032500 0.025000
2 0.739375 0.747500 0.031250 0.025000
2 0.740625 0.803333 0.026250 0.023333
2 0.738125 0.850000 0.031250 0.020000
0 0.817500 0.455833 0.065000 0.025000
0 0.815000 0.510833 0.070000 0.021667
0 0.812500 0.565000 0.070000 0.016667
0 0.808750 0.614167 0.057500 0.025000
0 0.806875 0.669167 0.061250 0.025000
0 0.807500 0.725833 0.067500 0.025000
0 0.808125 0.777500 0.066250 0.025000
0 0.807500 0.825833 0.065000 0.021667
0 0.801250 0.878333 0.065000 0.026667
