1 0.786250 0.544167 0.032500 0.021667
1 0.786875 0.582500 0.031250 0.021667
1 0.787500 0.615833 0.035000 0.028333
1 0.788125 0.652500 0.031250 0.021667
1 0.789375 0.688333 0.031250 0.023333
1 0.788750 0.725000 0.032500 0.026667
1 0.788125 0.759167 0.033750 0.025000
2 0.881250 0.757500 0.052500 0.035000
2 0.867500 0.487500 0.032500 0.021667
1 0.873750 0.562500 0.037500 0.028333
0 0.888750 0.538333 0.055000 0.020000
0 0.886250 0.674167 0.065000 0.021667
0 0.888125 0.722500 0.068750 0.025000
2 0.880000 0.603333 0.030000 0.020000
