1 0.4203131944137203 0.22723788089402167 0.10878672531112876 0.060239758694651646
1 0.4250475790014032 0.3011907874146361 0.10915710577289173 0.06255125659854749
1 0.4359782489674914 0.36940772465403815 0.09491218807285845 0.05801658665525761
1 0.45190414514143246 0.43919510245087146 0.0991664310399819 0.05644475864410259
1 0.45820996936143027 0.5081530970367383 0.10878672531112887 0.060239758694651646
1 0.4639600005715801 0.5736424573130374 0.10490286280576855 0.0641230846097024
1 0.4718370421066889 0.6376041525104326 0.10841612253216171 0.05792687333703206
1 0.48508013494582214 0.7054505610766024 0.0995370338189488 0.05875764400172245
1 0.49355759490760526 0.7657583576278141 0.10110825113405986 0.05450240195971556
1 0.5039770972806703 0.8233841276018974 0.10342067400710464 0.054872930632947736
1 0.5164789845618694 0.8866047654528282 0.1076751392914318 0.053302490075516684
1 0.6499530161134424 0.2615956074649175 0.09648340538796973 0.053761344613250855
1 0.6588526151518012 0.34674102464667395 0.08760431667475643 0.054592115277940945
1 0.6677519918729562 0.43188505437470637 0.08871590269445406 0.06152938389707635
1 0.6749393641477404 0.5137457141297879 0.0895461367688346 0.05264975859355403
2 0.6670973979860357 0.1983677444600985 0.11600512355837556 0.07716685118328198
3 0.6984356058954613 0.11270624695430359 0.12691550551652142 0.060891102722890555
0 0.8187978226989736 0.1977786005882547 0.17168177417875785 0.059051522210782165
2 0.8378665981375446 0.2575761545155926 0.1509728185993664 0.09854167520442414
2 0.8421411291126096 0.3434612415900899 0.15670925036515349 0.10622000117002373
2 0.8468755137002926 0.4174141481107041 0.15097281859936673 0.09854167520442414
2 0.8541075113919021 0.4921522749100344 0.14098214386645658 0.09243517724997952
1 0.9754368394817459 0.14025335600265285 0.04912632103650838 0.02896343666851603
1 0.979008268490026 0.2282660640981533 0.04198346301994804 0.026280022637663936
