1 0.3992950711816303 0.4458173134949831 0.06097379524901142 0.04260781260355684
1 0.3952689810893155 0.49485363908164426 0.061195881834987864 0.044161629435551575
1 0.3951223162982145 0.5407098888887838 0.05323482927443385 0.040825107852486386
1 0.3975503371665063 0.5880722825596735 0.055592264708043015 0.039864593274350435
1 0.39482401705054593 0.6339762053350579 0.06097379524901142 0.042607812603556616
1 0.39210515441577737 0.6775484701992855 0.058838446401378586 0.045122144013687526
1 0.39067860725916376 0.7203190575002287 0.06075157535776132 0.041053063108397514
1 0.39182177013049224 0.7661514708232459 0.055814484599293224 0.04141934276950998
1 0.3910475942862853 0.8065784819709712 0.056659872479222495 0.03860696123770302
1 0.391568215769974 0.8454278398025791 0.057949700141651905 0.038904078696214484
1 0.3927213239382196 0.8881507541352773 0.06030726888053484 0.03794449678124301
1 0.5210346356573912 0.49019792396855055 0.054080217154363286 0.03801272632067937
1 0.5182735129682053 0.5469832278837219 0.04914312639589502 0.03837900598179178
1 0.5155123932620119 0.6037675991357285 0.049809652764371826 0.04304232180410572
1 0.5121138172057957 0.6582322307186398 0.050210734167074556 0.037121373945144365
2 0.5359944309555905 0.4502856199114762 0.06510858989680024 0.05408249599720244
3 0.5606701907934363 0.39698243583570436 0.07107019665719783 0.04343000277649106
0 0.6184936838154746 0.46430478188974117 0.09597800364606257 0.043154286629252026
2 0.6235212446364751 0.5054023699380774 0.08472144979901763 0.06912352155615326
2 0.6181804696054225 0.5622344141583291 0.08796763149235354 0.07438107229549018
2 0.6141543795131079 0.6112707397449901 0.08472144979901775 0.0691235215561532
2 0.6114156322504897 0.6610601372635265 0.07911783267207295 0.06482648539495206
1 0.7652034233272781 0.5649572792066833 0.03295544300373998 0.021120766471222185
1 0.7663888462530237 0.5975766534787569 0.03384418926346677 0.02733883178869534
1 0.7636923560618303 0.6341539446095139 0.03451071563194319 0.032002147611008946
1 0.758421183194236 0.6692241592133565 0.0373124575427789 0.03415019936002728
1 0.7518924974217125 0.6942146702406965 0.0359794048058254 0.02482356771539984
1 0.816803987305653 0.5616721619306293 0.028018352245271383 0.021487046132334653
1 0.813477498245628 0.5935980554811338 0.029530266493677848 0.023337980422841187
1 0.8372199903015078 0.6304636071033787 0.038201203802505024 0.04036826467750032
1 0.8690469772995169 0.559152967491676 0.029752486384927557 0.024892729918000733
1 0.8650780622240027 0.5903129382050799 0.027172831060068736 0.02429849500097725
1 0.831973674710222 0.6577619395577532 0.03148662052458351 0.028298413703666703
1 0.8473745470147269 0.6815693892758501 0.02779613235402134 0.01993229663717544
1 0.8015732348688265 0.6863019918685123 0.029308179907701293 0.02178416359084645
1 0.8291915847601847 0.519475872930643 0.029308179907701182 0.02178416359084634
1 0.7101385651787 0.4416274703166372 0.030375787678880495 0.0205265315541987
1 0.7054377313304037 0.5000023457899869 0.028863740125200876 0.018674664600527524
