3 0.7724609375 0.04785195312499997 0.095703125 0.029296874999999972
3 0.7734374999999999 0.0927734375 0.10156249999999978 0.021483984375
3 0.7695312499999999 0.137694921875 0.09374999999999978 0.021483984374999987
3 0.669921875 0.1337890625 0.09375 0.017578125
3 0.578125 0.17480468749999994 0.09375000000000011 0.021483984374999987
3 0.8583984375000001 0.176758203125 0.08007812500000022 0.017578125
3 0.859375 0.21875 0.08984375 0.0234375
3 0.8544921874999999 0.25781210937500004 0.09179687500000022 0.01953164062499993
3 0.7646484375 0.26269531249999994 0.080078125 0.021483984374999987
3 0.7666015624999999 0.22070351562499996 0.08398437499999978 0.023437500000000028
3 0.7734375 0.18261757812499996 0.08203125 0.021483984374999987
1 0.861328125 0.316405859375 0.06640625 0.0234375
1 0.8691406250000001 0.37206992187499993 0.07031249999999978 0.021483984374999987
1 0.8642578125 0.4130855468749999 0.072265625 0.02148398437499993
1 0.8642578124999999 0.4580082031250002 0.08007812500000022 0.021483984375000098
2 0.658203125 0.24414101562499996 0.03515625 0.05859375
2 0.6572265625000001 0.30078125 0.041015625 0.05468789062500001
2 0.74609375 0.342773046875 0.03515624999999989 0.041015625
2 0.7441406250000002 0.38574218750000006 0.03906250000000011 0.04492148437499999
2 0.7441406250000002 0.428711328125 0.03906250000000011 0.0371097656249999
2 0.7421875 0.4677734375 0.03515624999999989 0.029296875
2 0.6542968750000001 0.35839882812499996 0.05078125 0.06054726562500001
2 0.65234375 0.416992578125 0.05859375 0.056640234374999876
2 0.6552734375000001 0.46191406250000006 0.048828125 0.03710976562500001
2 0.5478515624999998 0.29687539062499996 0.05273437500000011 0.046875
2 0.5498046875 0.345702734375 0.056640625 0.046875
2 0.55078125 0.39160156250000006 0.05468750000000011 0.04492148437499999
2 0.552734375 0.43750039062499996 0.05078125 0.04296914062500001
2 0.5556640625 0.4765625 0.04492187500000011 0.039062109374999876
0 0.6894531250000001 0.197266015625 0.08984375 0.023437499999999972
0 0.5869140625 0.26074179687500004 0.09570312500000011 0.02539101562499993
