3 0.5815084965369555 0.23277111073714185 0.08017124661907216 0.026218475716022732
3 0.5846113013833928 0.26544100861458064 0.07748885686126594 0.023650410835903524
3 0.5879174241043097 0.30174874933436757 0.07494203946216305 0.023509035428513902
3 0.5106892674233974 0.3364477140744342 0.08017124661907205 0.026218475716022482
3 0.5138598177856112 0.3703297411869434 0.082718064018175 0.026359851123411826
3 0.517098194990752 0.4054253526716599 0.08030681897777481 0.028645165188752097
3 0.5897472849746239 0.33448933491550115 0.05979670742624732 0.02508747245690668
3 0.5955992956477884 0.37065570022789857 0.06234352482535033 0.025228847864296133
3 0.5988376728529288 0.4057513117126152 0.06475476986575057 0.022943533798956306
3 0.6719317265284785 0.2970833608905149 0.0698484046639567 0.023226284613734827
0 0.6568214700739032 0.3465785300649748 0.07494203946216305 0.023509035428514014
2 0.6855864723172955 0.381472516710867 0.033001623282988946 0.04536818106257123
2 0.6893669763029477 0.42626807235042075 0.0354128683233893 0.04308286699723102
2 0.6958966861153268 0.47456009542493316 0.0385018938301539 0.05292954457299959
2 0.6999483348183844 0.5242070782790423 0.035819504072347685 0.050361479692880906
2 0.6148201986058356 0.4632499201532385 0.03527737729183622 0.040657633247040526
2 0.6208077816377029 0.5018419990729137 0.0375530499735337 0.03594562970897103
2 0.6230442782569753 0.5418582703387436 0.03286605092428618 0.04294149158984173
1 0.5131732896038849 0.4494329052983116 0.052020682870235035 0.022236656762008977
1 0.509451702091497 0.4970783007673115 0.0597967074262471 0.025087472456906845
1 0.5126899979694878 0.5321724571148909 0.06247909718405342 0.02765553733702586
1 0.5134502327381574 0.5686215732420674 0.054838644986743845 0.027231411114857385
