1 0.5925069212196825 0.015248888549302935 0.07511540267448924 0.03049777709860587
1 0.5886644735031328 0.09717184996786288 0.07511540267448946 0.04997946822997114
2 0.7691248950521572 0.06878358423680472 0.11607159584461701 0.08408053119032483
0 0.8194467242693616 0.2079239930707184 0.13360971009826028 0.05820327779074752
0 0.8103210053031309 0.3144114841613851 0.16443601971146604 0.09131463080721108
0 0.8043753744703172 0.42760180019826455 0.16468349668293558 0.0938476081906196
2 0.7580995398372774 0.5087276562037202 0.16839490897252363 0.13183467152907696
2 0.7498397675864532 0.6063520056762582 0.14943037634705325 0.117439311692761
2 0.7572987736577097 0.7131820464753088 0.11928820264775708 0.11700315924449889
2 0.7337205118140134 0.8105875599824488 0.14257524613727934 0.1242944419025348
2 0.7226809401589805 0.9104959398698893 0.15140989520582782 0.1377000917949608
1 0.9752618873786204 0.37475431528162756 0.049476225242759186 0.061594423196906
1 0.9667620464399225 0.47731938629546244 0.06647590712015516 0.05041714016076654
1 0.9602997966757612 0.5763632894645323 0.07940040664847758 0.06159442319690622
1 0.9517999557370632 0.6708360928387304 0.09640008852587356 0.06462225555225953
1 0.9416088253716064 0.7631470600584792 0.09840259462050305 0.05727227037054061
1 0.9352339067658259 0.854563439556749 0.09840259462050294 0.05727227037054061
1 0.9231464291373976 0.9390295666228338 0.1011823940247123 0.06005115575738795
