2 0.36234211953357587 0.5878234606272196 0.09865527995263407 0.08361162797767441
2 0.34973178571561736 0.649754028108512 0.0893199659779576 0.0879393638867556
2 0.3395609389490221 0.7090796334271517 0.09322644083558906 0.08476046660407577
2 0.3321044181952614 0.7710589353234567 0.09170426366755163 0.08273137633414562
2 0.4702309478587254 0.6240193114683539 0.09170426366755169 0.08273137633414573
2 0.46353551568898327 0.6853998268439518 0.09170426366755169 0.08273137633414573
2 0.45229169901388366 0.7469385187253185 0.09533571247233574 0.08397865217691991
2 0.44545875381771793 0.8056901889239314 0.1010762458224902 0.08444314520619056
1 0.5952777608425677 0.6549206472941063 0.05825041487172278 0.044117337767936804
1 0.583877909959537 0.7172669733896568 0.06101993024632646 0.05260265981959922
1 0.5718728176090425 0.7794054201780783 0.05586611718212864 0.04932532532054679
1 0.5588132765315509 0.8403204741380579 0.0582870830519846 0.05015684254906272
0 0.7305854366230375 0.7229082491068195 0.10456046063209723 0.061529496765416525
0 0.7149305613776277 0.7872349310572879 0.09397799554223041 0.059401969279113565
0 0.7035308975859736 0.8495802887664906 0.09487659715267283 0.058203427851351686
0 0.6909205637680149 0.9115108562477832 0.09397799554223041 0.05940196927911379
0 0.8492312854274919 0.7602161139129435 0.09546350453000585 0.05539155476791768
0 0.8378131004543306 0.8259979510133153 0.10006726548850897 0.06752123551787792
0 0.8220207121824972 0.8876957877867988 0.09342794343653582 0.06825431553002159
0 0.8081998954296103 0.9492105966538331 0.09792132567150047 0.06226354516390775
