1 0.4112877952247489 0.20159023589645297 0.09786453410191093 0.09172306488842066
1 0.4194690029720477 0.3208917600366272 0.09361288285330382 0.07864400787952447
1 0.4175818789654495 0.43907615673775346 0.09861505583510566 0.0862788516628793
1 0.417133088066551 0.5574201430730295 0.09861505583510627 0.08627885166287952
1 0.6601194228567803 0.22919924260435864 0.09286172340430743 0.08408625934460232
1 0.8017391351028288 0.25971181986001796 0.08529479699921216 0.08406762555952643
1 0.6607643337458942 0.354243327958464 0.09573838961970671 0.08518255550374093
1 0.7947877345673616 0.3641807627761121 0.08391981196600429 0.07208486470976888
2 0.6201624517016443 0.5207502883205053 0.1545193650961143 0.1419585033161842
0 0.6830343438974829 0.7003838105677297 0.16584145103038972 0.11476391801540742
0 0.677236866453869 0.8378666326336692 0.21023909542980135 0.16605838503215764
0 0.6753236508681069 0.9496692797952135 0.2113021676709036 0.10066144040957281
1 0.8901441927493652 0.9157534904971911 0.1201267043761085 0.1059356856266076
3 0.9372656319687985 0.8146807691590687 0.12546873606240294 0.14315189192162892
1 0.923830987862895 0.6333728885610016 0.14026336788390326 0.11360975874057755
2 0.9240723308509586 0.43540310612978556 0.15185533829808262 0.13328522648938146
