2 0.5552784797670245 0.543908477751285 0.09988841434911166 0.07740226455794075
2 0.565947182097708 0.6005773221252482 0.08993903855190366 0.08125347266213712
2 0.5742184313856722 0.6548804809624349 0.09415806225491086 0.07839290833807477
2 0.5796245828871573 0.7116424841511559 0.09264689038496021 0.07652387399970861
2 0.4438618319109041 0.5781130811025827 0.09264689038496038 0.07652387399970884
2 0.44851239747741406 0.634333182993858 0.09264689038496032 0.0765238739997085
2 0.45780015361221194 0.6906555478006817 0.09639811282296512 0.07770172161492028
2 0.4626846198112231 0.7444638278505826 0.10238922930778172 0.07818749630141508
1 0.31511933941788073 0.6076242317896967 0.059191881074260266 0.04090754208368508
1 0.32453763426922944 0.6646856920353972 0.06174658007040196 0.048684908905253566
1 0.3345811328602456 0.721550844345229 0.056484029241203604 0.04563714074611347
1 0.3457445002140459 0.777284285344447 0.05898484419987349 0.046422372489587915
0 0.17458344286824012 0.6712382637223986 0.1069681296796049 0.05730336367632827
0 0.1882746454600679 0.7300755994917074 0.09597538327744856 0.055247125502884464
0 0.19769278379017358 0.7871361735318456 0.09696486984492506 0.054162436702430594
0 0.2083614861208572 0.8438050179058089 0.09597538327744856 0.055247125502884575
0 0.05214687180936346 0.7065637018723949 0.09769359202178596 0.051601329435347565
0 0.0614616482235186 0.766775193192784 0.10202054032097954 0.06272592147303568
0 0.07538675144784744 0.8232007071207189 0.09503978074744389 0.0633239493814326
0 0.08730586125786612 0.8794769356229448 0.099987526627312 0.05790227779028723
