2 0.8458053395576353 0.34274796501044835 0.05152492149961996 0.03992701462418319
2 0.8352187813593258 0.3848157869898189 0.05263917288039388 0.0443547169849135
0 0.8033200543106076 0.42269697906746995 0.08306446608839424 0.04164251798922819
0 0.7916192447315241 0.4691925034075708 0.08860686264441564 0.04718458316701418
0 0.7393904285374981 0.4054321247408699 0.05482405081132469 0.0283141233240235
0 0.7274183547773945 0.4483279494952711 0.05759508193491303 0.031084491691140137
1 0.7929608011538563 0.49660491590960987 0.04155404545950547 0.03326925818578941
1 0.720732177875061 0.4748968205467573 0.04099708692354109 0.031056071227200555
2 0.7843026211882265 0.5450428058417969 0.06426682866332245 0.04935513942969372
2 0.7695591819956895 0.5895959645898117 0.06260971461166331 0.051011144979754675
2 0.7606225227620773 0.6391404480012928 0.07036651806415384 0.05711172000962084
2 0.7505857080127702 0.6837013760870687 0.06815244547652977 0.05655453860109316
2 0.7358350537332714 0.7329608279000774 0.06428125883724645 0.057653362742626224
2 0.7104096687708096 0.5252706351768215 0.05152492149961985 0.03992701462418313
2 0.6992589369495739 0.5742579371797749 0.04488270373674841 0.03825547039859989
2 0.6889436429322844 0.6199254587448455 0.04211133830431513 0.03548377358793087
