1 0.2963972964419672 0.44543320030279177 0.05421088231459498 0.03308343869947189
1 0.28928002227849037 0.5035902773916843 0.04921186760028784 0.032951096475483166
1 0.29477196354077184 0.5545786881661451 0.044237657127311814 0.03448442595430157
1 0.28456754131985 0.6101525442049482 0.05046162127886478 0.03298418203148035
1 0.2799497745135266 0.668375792405835 0.05056086802118942 0.03964886844859472
1 0.2735566537086633 0.7198827262497262 0.04926149097145027 0.03628343968404035
1 0.2702630830819104 0.7731400452923032 0.0518106216997663 0.039681954004591735
1 0.2650824947051269 0.8271795720493449 0.05053606377985842 0.03798319674578743
1 0.37567547909529886 0.6209001475185503 0.05286186700519324 0.026384666923417677
1 0.3749062498440311 0.6725559663644287 0.047912475662048426 0.029584667907985973
1 0.3685379332804987 0.7223972285055126 0.05416124405493239 0.029750095687971934
1 0.3716296139279516 0.7666547817508648 0.05418606318476371 0.031416767193721995
1 0.3658861742037076 0.8165125866699472 0.046786802744128 0.03788394007779594
1 0.4010010262197984 0.5573909604259062 0.0791811367562994 0.032078478313665726
1 0.40576766313960894 0.4891706825993479 0.08418015147060642 0.03221082053765445
1 0.41113437265737685 0.4226326192535953 0.08293039779202976 0.03217773498165721
1 0.3252363600900503 0.3978541496754071 0.08095198794183184 0.06710466686981281
2 0.392457992278211 0.3754619892011247 0.04453542713128644 0.05448048481153012
2 0.4186937692368079 0.29280712168359724 0.08927842781573864 0.03900884898170037
2 0.41857305519380184 0.21695597956158957 0.08685336295957863 0.04394169258401312
0 0.32851751370763754 0.34543066628717667 0.08298002116319203 0.035510078190214456
0 0.32581044768581857 0.27534520361888526 0.08547952852034563 0.03557624930220882
2 0.46564082413065405 0.5824398114035456 0.019540353559750923 0.053818773691586275
2 0.4648839821115516 0.6332637942009636 0.019366664316432414 0.04215507256016493
2 0.4604027130750501 0.6823208490216968 0.019341845186601148 0.04048840105441487
2 0.4659318606993284 0.7308107522419469 0.019341845186601203 0.04048840105441498
2 0.4615002150339893 0.7765354638541231 0.021816533413923478 0.03888790066065928
2 0.46084263464571185 0.8206937604314837 0.019292221815438826 0.03715605784585774
2 0.46404702890609006 0.5215526278684621 0.03706172418965714 0.055948642981297037
1 0.5036319137103744 0.340064614698169 0.07803064470854759 0.038711078977725744
3 0.3220182818257261 0.11021229026676399 0.10287683327809599 0.029374760669055186
