2 0.6497750986557305 0.28267036882044394 0.17974450088054883 0.08207341169961474
0 0.5718393519930258 0.3899040674923361 0.3081454493957031 0.10001837391207452
0 0.5614419545255227 0.47148569852936995 0.2843932586407179 0.08541352136230168
2 0.5975932780674658 0.5303109552913048 0.22486968782947908 0.1087140073642408
2 0.5937375170000567 0.6088105424040094 0.21504819748385284 0.10836466282906798
2 0.5774160524212741 0.6801012873436905 0.2068664830344471 0.09163812521218884
2 0.5711716409315011 0.7395030085533421 0.20719107256362052 0.08725415290739469
2 0.5601256300029348 0.802519979403314 0.18855653335304584 0.08448903462634372
2 0.5587752558328395 0.8594653256710181 0.18956599122617473 0.08242275623478745
1 0.25776017124224354 0.8740690191520857 0.11594908543543503 0.04158205923111169
1 0.26456530837203374 0.8216203796821475 0.1244186837359545 0.04283883520122189
1 0.2631344828846454 0.7723000296406115 0.11967915564913023 0.04324358641194459
1 0.26034300398159144 0.7166291302188303 0.13391558455240704 0.04757215204118859
1 0.2586785428108625 0.6644116627857468 0.13222227472777412 0.047320887338656026
1 0.25829343007949557 0.5964804070530759 0.13526747659751387 0.046664720606251375
1 0.25258613656124407 0.5362435019318048 0.1376466711585538 0.04923383004117088
3 0.18538788027876257 0.46084468456220773 0.21526368637129764 0.07072347331749779
1 0.248253515807153 0.377250269096403 0.1654713662992119 0.06665905672839584
0 0.18566081583348504 0.32339110476547683 0.2525621027489182 0.08436856601455589
0 0.23473379448773407 0.2326042154950365 0.33414601277983236 0.12306621631501685
