2 0.8852381473548557 0.41217358617581956 0.13028582753546813 0.09720896805937868
2 0.8705109577165205 0.48389311132982843 0.12682532834719584 0.09197562343418653
2 0.4618765568517472 0.44320221473365584 0.05623549978005338 0.03434344665972394
2 0.44862018927761493 0.49712194328956244 0.05431538554066895 0.03619173647220497
2 0.4391905062594982 0.5506550579586518 0.054315385540669114 0.036191736472205194
2 0.42355430645433945 0.604063475732407 0.052395579378274604 0.03804144261157372
2 0.41267777111123444 0.6584945150704654 0.05431538554066917 0.036191736472205305
2 0.4025717363195637 0.7094661974179092 0.061615497053730595 0.03772566881866002
2 0.3871921646468896 0.7617224183211396 0.038688341907617274 0.028403254263142275
2 0.37155627291872084 0.8151294529053743 0.04650201776263785 0.03229820353111734
2 0.3643433266230459 0.8643080522939205 0.03920190624957648 0.03076427118466274
2 0.35414314305349515 0.9213005239536243 0.038688341907617385 0.028403254263142386
2 0.29690124427815734 0.7024653090498111 0.05547634927605011 0.052204711486919964
2 0.289337829149108 0.7588155114316215 0.06520983129346553 0.05424995461552662
2 0.2787182300154778 0.8120929707096349 0.05201615816476718 0.04697278318861564
2 0.26945133442895564 0.870493294630939 0.049582787660413824 0.04646147240646403
2 0.2569654674062576 0.9209536661962311 0.05201615816476751 0.04697278318861531
1 0.31568746878878695 0.6461102282571134 0.04790825958307349 0.028087480470228576
1 0.22831002801434658 0.6297531616391486 0.061102240788761225 0.035366068224027325
0 0.3152230762332169 0.6146067285713352 0.09581682724313662 0.056176377267344924
0 0.2380413161564382 0.6028563374036227 0.06840235230182234 0.03690000057048226
0 0.32346284313582063 0.5608179585111703 0.10695655108098756 0.05401089733506248
0 0.24602445492655692 0.5502197642139822 0.07032215846421747 0.035050294431113516
2 0.35575786855816716 0.5109887162124764 0.057396155438444896 0.050355005347551496
2 0.36789326674749107 0.46769994764044864 0.061236075840223836 0.04665700939570189
