1 0.5240963855421688 0.06024036144578311 0.10240963855421692 0.03614457831325301
1 0.5120481927710843 0.14608373493975893 0.10843373493975883 0.033131927710843334
1 0.5195783132530121 0.20933674698795168 0.11144578313253017 0.03313192771084336
1 0.5195783132530121 0.27861506024096405 0.12349397590361444 0.0331319277108435
2 0.8388554216867468 0.03915677710843374 0.063253012048193 0.07831355421686748
2 0.7018072289156625 0.10090301204819274 0.054216867469879415 0.06325301204819277
2 0.7048192771084336 0.16716867469879526 0.06024096385542166 0.06927650602409638
2 0.7048192771084336 0.2334343373493976 0.06024096385542166 0.05722951807228904
2 0.707831325301205 0.2936746987951807 0.054216867469879415 0.04518072289156627
2 0.8433734939759034 0.1250006024096385 0.07831325301204828 0.0933740963855422
2 0.8463855421686748 0.2153620481927711 0.09036144578313265 0.0873487951807227
2 0.8418674698795179 0.28463855421686757 0.07530120481927727 0.057229518072289154
2 0.9834337349397592 0.03313283132530117 0.033132530120481674 0.06626566265060234
2 0.9804216867469879 0.10542108433734937 0.03915662650602414 0.07228915662650602
2 0.9804216867469879 0.17620481927710852 0.03915662650602414 0.06927650602409635
2 0.9804216867469879 0.24698855421686744 0.03915662650602414 0.06626566265060244
2 0.9804216867469879 0.3072289156626506 0.03915662650602414 0.06024036144578293
