2 0.135 0.4975 0.22999999999999998 0.10999999999999999
2 0.1949999999999999 0.86625 0.19000000000000006 0.11750000000000005
2 0.473333 0.921875 0.06666699999999998 0.043749999999999956
2 0.46583300000000005 0.870625 0.07166699999999987 0.06625000000000003
2 0.46583300000000005 0.81 0.07833299999999999 0.057499999999999996
2 0.459167 0.74875 0.06833299999999998 0.0625
2 0.45666700000000005 0.684375 0.07000000000000012 0.06874999999999998
2 0.6 0.8181249999999999 0.03333300000000006 0.04874999999999985
2 0.600833 0.76 0.03833300000000006 0.0625
2 0.6 0.6925 0.053333000000000075 0.0774999999999999
2 0.6025 0.61875 0.05500000000000005 0.07000000000000006
2 0.6074999999999999 0.545625 0.05833300000000008 0.08374999999999999
2 0.71 0.780625 0.036667000000000005 0.043749999999999956
2 0.706667 0.735 0.050000000000000044 0.04499999999999993
2 0.7000000000000001 0.6856249999999999 0.050000000000000044 0.053750000000000075
2 0.710833 0.629375 0.04166700000000001 0.05125000000000002
1 0.8416669999999999 0.56375 0.06666699999999981 0.02749999999999997
1 0.859167 0.6212499999999999 0.06499999999999984 0.03749999999999998
1 0.85 0.669375 0.07333300000000009 0.033749999999999836
1 0.849167 0.7112499999999999 0.06499999999999984 0.03749999999999998
0 0.506667 0.60125 0.14000000000000012 0.07250000000000001
0 0.656667 0.471875 0.11999999999999988 0.04625000000000001
0 0.4799999999999999 0.45625 0.12666699999999997 0.04749999999999999
3 0.729167 0.221875 0.10166699999999995 0.028749999999999998
3 0.611667 0.2325 0.12333300000000003 0.034999999999999976
3 0.726667 0.27875000000000005 0.10333300000000001 0.027500000000000024
3 0.611667 0.29312499999999997 0.11333300000000002 0.03375
3 0.7166669999999999 0.331875 0.09999999999999998 0.03125
3 0.610833 0.35125 0.09500000000000008 0.03500000000000003
3 0.469167 0.36687500000000006 0.10499999999999998 0.03875000000000012
3 0.71 0.380625 0.07999999999999996 0.03125
