1 0.6951086625337854 0.6007787893292457 0.09775433119246635 0.055229690913141116
1 0.6901525692852712 0.6712171015779795 0.0953259483590988 0.05280096787992983
1 0.6803983493643293 0.738682446423964 0.08670360154356249 0.04928127852205022
1 0.6843694739164241 0.8128222757513555 0.0870673297162069 0.051346346113705255
1 0.6794133806679102 0.8832605880000894 0.09289756552573136 0.05037224484671887
1 0.6767036970698087 0.9530306412909497 0.08670360154356227 0.04928127852205022
1 0.5284941032318743 0.8034605118304776 0.08670360154356255 0.04928127852204989
1 0.5180712841532154 0.8686789613640289 0.08427543690345979 0.046853794281635164
1 0.5195495488708671 0.9328005338350547 0.08913198437692998 0.05171000155526129
1 0.5084579124412263 0.9846247238585336 0.0853664032281286 0.030750552282932775
1 0.495858207413655 0.7168218002189228 0.10528549349006922 0.05255417749605584
1 0.49771148066431614 0.6277425440984432 0.10540277147868338 0.06457845001883744
1 0.5116475927009777 0.536534496516009 0.09301484351434564 0.06239651736950025
2 0.6886507343472812 0.5347149250621035 0.07442127555430211 0.09313260716498029
2 0.5516443943807399 0.47865287968388126 0.06811003358351897 0.08001736831753004
2 0.5209439810278276 0.3689397242937499 0.09811784117184602 0.05729351971199992
2 0.5292318304379195 0.2735424896027662 0.08682087953217682 0.06130555104483157
0 0.6600268698618934 0.46155510773955505 0.13941093438630492 0.06456662854312378
0 0.6803389190636786 0.37040487328956373 0.14803328120184156 0.06808631790100383
3 0.7041346348030946 0.16279021482922434 0.16831609963642669 0.06965780472491073
2 0.37836654094893785 0.7312512082768168 0.051475518309121115 0.06508385226229885
2 0.3677033278862822 0.8038773639127442 0.04248944332094029 0.059499095312764094
2 0.3645068001201537 0.8703686074917423 0.046255242663006735 0.0581625773970178
2 0.34327386356985273 0.9304899701056502 0.042125933341560784 0.057435266513905514
2 0.34341471177880567 0.9827654366372827 0.040671238844247615 0.03446912672543456
2 0.3966784124910757 0.6514569873917337 0.05705930393461517 0.0740689559264388
1 0.3550621022315371 0.398261328695206 0.09981898585318927 0.05559334635469737
