1 0.4117083699202223 0.30470066467167556 0.12558527179973528 0.08349157017337322
1 0.6058394107217968 0.309359797185105 0.12146320533301913 0.07676973082038563
1 0.7970473769624398 0.30184161943670273 0.11038614169044247 0.06268559855163724
1 0.6121659004219244 0.3990364491898119 0.12519845456760959 0.06894314291957893
1 0.789205348801022 0.39140000410011816 0.11360627606329565 0.07787630232557585
1 0.7898532516048427 0.4795090027207547 0.11102993670606409 0.0657226455320023
1 0.6028734946242629 0.48402379073380847 0.11102993670606398 0.06572264553200224
1 0.414488065609218 0.49004709846028666 0.10755243811813353 0.06204149907412215
1 0.41230226484072946 0.5781324436126651 0.11450782172557639 0.06940561494725372
1 0.6006877072607526 0.572110958843558 0.10665089245585235 0.07051218645244373
1 0.7862170866050882 0.5630251277110854 0.11321984526275186 0.06332969802915278
1 0.7882595085016415 0.6481089060854861 0.11038614169044303 0.06268559855163758
1 0.616920979712273 0.6603500515396153 0.12777479392484115 0.08109679971315242
1 0.41861758819414624 0.6662905721271897 0.12017522887019483 0.0706938139022848
1 0.43201715707335764 0.7545060113549887 0.11038614169044297 0.06268559855163747
1 0.6175353700709825 0.7439016567323335 0.12017522887019505 0.07069381390228469
1 0.8002310592479872 0.7347939950889738 0.10665089245585269 0.07051218645244406
1 0.796572561554811 0.8152730730989398 0.10626407522372694 0.055963759198649266
1 0.6209834774069791 0.8274787383506812 0.11824307096016706 0.061579027046447354
1 0.4382542757848633 0.8320290065661222 0.11669734385068248 0.06701084448703265
1 0.4374629941091074 0.9170891314722648 0.10948459602816174 0.07115628592995926
1 0.6229923734534433 0.9080033003397925 0.11167411815326755 0.06876151546973808
1 0.8043382357345156 0.9079985988181405 0.1123182996004708 0.07180038540747491
1 0.44368893306892404 0.9821172825725837 0.10124084952631185 0.035765434854832634
1 0.6292741843617491 0.9793713563301983 0.11102993670606409 0.04125728733960332
1 0.8034910955152484 0.977220855410784 0.10755243811813364 0.045558289178432076
1 0.7254675138622693 0.20098762731603514 0.13692008608897155 0.08606796808343456
