2 0.22070110280999966 0.3900703805361787 0.26592740519129543 0.11325712811728411
0 0.570028677869781 0.5173938306159017 0.256185465667378 0.10159344907735002
2 0.24762556725141727 0.5717853657362462 0.29613667347715644 0.10345014792055562
2 0.04473599282318568 0.6726885235497513 0.08947198564637136 0.1022598375609487
3 0.5873926310068917 0.09576441818395448 0.29829679642257156 0.08393140930757019
2 0.35958817816332694 0.7608077376751528 0.1348207143046175 0.12958591588292312
1 0.2925873136972267 0.8765161786528906 0.20315552215696014 0.08231253110365078
2 0.6580155111717505 0.8201250887412362 0.12998016602901385 0.1573882819132726
0 0.5783177510714039 0.6957525812772155 0.2867863437107957 0.10021286654966022
1 0.6972380731602734 0.935119183852841 0.17536560602958284 0.07821828543698939
