3 0.49338624338624326 0.1230153439153439 0.08201058201058181 0.023809523809523808
3 0.4920634920634921 0.15872962962962955 0.07936507936507936 0.021163492063491968
3 0.4907407407407407 0.19841216931216926 0.07671957671957669 0.021163492063491968
3 0.5727513227513227 0.23148201058201062 0.08201058201058187 0.023809523809523808
3 0.5714285714285716 0.2685185185185185 0.08465608465608454 0.02380952380952378
3 0.5701058201058199 0.3068788359788361 0.08201058201058209 0.026455555555555565
3 0.4907407407407407 0.23412645502645502 0.06084656084656087 0.023809523809523836
3 0.48677248677248675 0.27380899470899467 0.06349206349206349 0.02380952380952378
3 0.48544973544973546 0.3121693121693122 0.0661375661375661 0.021163492063492162
3 0.4034391534391535 0.19841216931216926 0.07142857142857145 0.021163492063491968
0 0.42195767195767186 0.2513232804232804 0.07671957671957658 0.021163492063492023
2 0.3941798941798942 0.2910058201058201 0.031746031746031744 0.047619047619047616
2 0.39285714285714285 0.3399470899470899 0.03439153439153442 0.04497301587301583
2 0.3888888888888888 0.39285661375661385 0.03703703703703709 0.055555555555555525
2 0.3875661375661375 0.447089947089947 0.03439153439153453 0.05290952380952374
2 0.4722222222222223 0.3756613756613757 0.034391534391534584 0.04232857142857144
2 0.46825396825396814 0.41798994708994713 0.037037037037037035 0.037036507936508145
2 0.46825396825396826 0.4616407407407408 0.03174603174603169 0.04497301587301583
1 0.5767195767195767 0.3544978835978836 0.05291005291005291 0.021163492063492162
1 0.5833333333333335 0.4060851851851852 0.060846560846560926 0.023809523809523836
1 0.5820105820105821 0.44444391534391536 0.06349206349206371 0.0264555555555554
1 0.5833333333333333 0.48412645502645507 0.05555555555555525 0.026455555555555565
