2 0.38312500000000005 0.630833 0.09125 0.05500000000000005
2 0.38250000000000006 0.6949999999999998 0.08000000000000007 0.06333299999999997
2 0.38375000000000004 0.755833 0.08500000000000002 0.05833299999999997
2 0.388125 0.818333 0.08374999999999999 0.05666700000000002
2 0.494375 0.63 0.08374999999999999 0.05666700000000002
2 0.499375 0.691667 0.08374999999999999 0.05666700000000002
2 0.5 0.755 0.08749999999999997 0.05666700000000002
2 0.504375 0.8141670000000001 0.09375 0.05500000000000005
1 0.6212500000000001 0.618333 0.05500000000000005 0.026666999999999996
1 0.621875 0.6825000000000001 0.05625000000000002 0.03500000000000003
1 0.621875 0.746667 0.05125000000000002 0.033332999999999946
1 0.620625 0.81 0.053749999999999964 0.033332999999999946
0 0.765 0.639167 0.10250000000000004 0.028333000000000053
0 0.761875 0.706667 0.09124999999999983 0.030000000000000027
0 0.7625 0.7708330000000001 0.09249999999999992 0.028333000000000053
0 0.761875 0.835 0.09124999999999983 0.030000000000000027
0 0.886875 0.6358330000000001 0.09375 0.025000000000000022
0 0.888125 0.703333 0.09624999999999984 0.036667000000000005
0 0.8843750000000001 0.768333 0.08875 0.040000000000000036
0 0.8825000000000001 0.8325 0.09500000000000008 0.031667
