1 0.18090402010050266 0.09798994974874364 0.1256276381909548 0.0804020100502511
3 0.12185979899497486 0.25753768844221114 0.17839145728643221 0.08793969849246241
1 0.20603015075376896 0.3492462311557789 0.1055276381909547 0.07035175879396982
1 0.208543216080402 0.4736180904522613 0.10552763819095481 0.05276381909547745
1 0.2311562814070351 0.5967336683417084 0.11557839195979899 0.05276381909547723
1 0.23869396984924635 0.7110552763819096 0.11055226130653265 0.06030150753768848
1 0.2449743718592965 0.8103015075376885 0.11306532663316579 0.06281407035175868
1 0.24623165829145735 0.9208542713567839 0.10552763819095473 0.057788944723618174
2 0.4547738693467337 0.5175879396984924 0.13567839195979903 0.12060301507537674
2 0.4648246231155778 0.641959798994975 0.1356783919597988 0.11306532663316593
2 0.46859346733668344 0.7474874371859297 0.12311608040201028 0.128140703517588
2 0.47110502512562824 0.8693467336683416 0.12311608040201011 0.1407035175879393
2 0.4660804020100502 0.9623115577889447 0.11808994974874376 0.07537688442211066
0 0.4409542713567839 0.4183417085427135 0.1683422110552763 0.10804020100502498
0 0.44221155778894483 0.2788944723618091 0.1708537688442211 0.09045226130653267
0 0.4346738693467337 0.15954773869346733 0.14572914572864337 0.05276381909547739
2 0.49497537688442206 0.022613065326633167 0.12060301507537674 0.04522613065326633
1 0.692211055276382 0.07035175879396985 0.0829145728643218 0.07537688442211055
