3 0.48871557707961344 0.07181652624615203 0.07412364204908489 0.031106738490846983
3 0.5636170801259426 0.07703886881829386 0.07278890805299565 0.029324679217485314
3 0.48893661098557795 0.12241555354111841 0.07160722987952317 0.030902976215641254
3 0.5632472519913881 0.12674737042922957 0.06642139562534877 0.027136103299012518
3 0.6404739162903559 0.1363724087580236 0.07538184813386573 0.031208619628449896
3 0.6400318581122562 0.1599408037009465 0.0890691051514031 0.02896996377586422
3 0.6342848988990388 0.21680107051443478 0.08560050672716357 0.03538301709549013
3 0.5517278943512405 0.15784865057072137 0.08685871281194435 0.03548489823309303
3 0.3802802796883689 0.19286173235243698 0.07789826030342728 0.03141238190365561
3 0.46619961766762236 0.20571970189543914 0.07923299429951636 0.03319444117701731
3 0.5507289631742956 0.20750621161285565 0.08662917498558453 0.030445371731116916
3 0.3804248315905903 0.24513992987786176 0.07568791387153373 0.03792832426618478
3 0.4626460333192445 0.25601308577759685 0.07671658212995486 0.032990678901811565
3 0.5469840820014295 0.26199953688176025 0.07160722987952339 0.030902976215641337
3 0.6319895206354417 0.2671963355341954 0.07065508953241051 0.037520799715773295
3 0.628321167373884 0.32000948266734114 0.06775608371387265 0.028917154667073786
3 0.5453560936896595 0.3116051494497927 0.06790913953648925 0.03227751093859149
3 0.46349617026759937 0.3066630536413647 0.06790913953648925 0.03227751093859149
3 0.3800167624541644 0.2956880166040267 0.06405799337083845 0.030291689390024024
3 0.38283069053343344 0.34481163594374037 0.06405799337083845 0.030291689390024024
3 0.4658722921289662 0.35153579102553006 0.06672741545545152 0.03385480003144703
3 0.546244471639886 0.3614155321983312 0.06657440554040017 0.030495451665229878
3 0.6323933474454991 0.3692339752393574 0.06539272736692747 0.03207374866338569
3 0.38383388330440504 0.39210124753599057 0.06264677737100643 0.026830459886203917
3 0.46664594707357804 0.4038649291197563 0.0654692093706708 0.03375291889384413
3 0.5453220683742495 0.40939291510470677 0.059101696943023696 0.03156434297537125
3 0.3853896052988933 0.4411229857381013 0.06249372154838967 0.023470103614686266
3 0.38725143893861497 0.48342401139717694 0.06264677737100632 0.026830459886203806
1 0.3549631310716236 0.568483814470464 0.06642139562534871 0.027136103299012504
1 0.3519238808524561 0.6213479021724113 0.06287631519736608 0.03186998638817995
1 0.35147757071415864 0.6727355740138055 0.06688047127806812 0.03721515630296468
1 0.34780921745260085 0.7255487211469511 0.06398146545953015 0.02861151125426542
2 0.46924736443493614 0.5962838664332725 0.03870682681093196 0.05166963987448514
2 0.4672197649995703 0.6408000198358279 0.03847728898457231 0.046630113372509
2 0.5462912358298109 0.554470292351871 0.04050063645974056 0.06353075215179904
2 0.5438598192182167 0.6217152555821199 0.04191185245957263 0.06699198165561915
2 0.6424292324023622 0.5647839626294788 0.04389270697267189 0.05543752069641428
2 0.6380170071852341 0.6200659324448112 0.042634500887891225 0.05533563955881138
0 0.5310099699083484 0.5018091062904408 0.08434230064238257 0.03528113595788723
0 0.6175201240205554 0.5155586094227741 0.08701176863456095 0.03884525450461068
0 0.6156625882485969 0.445437298959927 0.08205542629918072 0.04011690018465758
1 0.44464857375099515 0.5125195316903617 0.06665093345170836 0.03217562980098854
2 0.7206632762572757 0.3443474444916409 0.08125629586711947 0.0500940720510068
2 0.7174115056863681 0.415740400634535 0.07645300935435617 0.054726074002571345
2 0.7122724259882893 0.4869805350710248 0.08503091412146169 0.05039971546381539
2 0.7071715872920821 0.5573810843922853 0.08110328595206806 0.04673472368478959
