1 0.43380855397148677 0.39001995926680244 0.08961303462321796 0.03869694501018328
1 0.4399185336048881 0.4541747454175153 0.0896130346232179 0.040732790224032644
1 0.43991853360488786 0.5142566191446029 0.07739307535641543 0.03869694501018328
1 0.43584521384928715 0.5763743380855397 0.08146639511201648 0.03665987780040736
1 0.4399185336048881 0.6364562118126273 0.0896130346232179 0.03869694501018328
1 0.44399185336048874 0.6934830957230144 0.08553971486761713 0.04276985743380868
1 0.4460285132382894 0.7494908350305498 0.08961303462321801 0.03665987780040736
1 0.44399185336048874 0.8095727087576375 0.08146639511201648 0.03869694501018328
1 0.4450101832993889 0.8625254582484726 0.0835030549898168 0.034622810590631437
1 0.44399185336048874 0.9134423625254584 0.08553971486761713 0.034622810590631214
1 0.4419551934826884 0.969450101832994 0.08961303462321807 0.032586965376782184
1 0.2413441955193483 0.45111975560081463 0.07942973523421587 0.03462281059063138
1 0.2454175152749491 0.5254586558044806 0.0712830957230143 0.03665987780040725
1 0.24949083503054997 0.5997963340122199 0.07128309572301439 0.04276985743380857
1 0.25458248472505085 0.6710790224032588 0.0733197556008146 0.034622810590631437
2 0.21792260692464357 0.39918492871690436 0.09368635437881873 0.05295274949083506
3 0.17922606924643586 0.3299393075356416 0.10590631364562117 0.0366598778004073
0 0.08757637474541752 0.4195519348268839 0.14663951120162932 0.028512830957230062
2 0.07942973523421595 0.4735238289205702 0.12219959266802456 0.06720977596741351
2 0.08757637474541752 0.5478615071283097 0.12627291242362526 0.0733197556008146
2 0.09368635437881873 0.6120162932790223 0.12219959266802444 0.06720977596741351
2 0.09775967413441955 0.67718900203666 0.11405295315682279 0.06313686354378822
