2 0.6423709781046234 0.2655916588591081 0.14959093981891758 0.06182134730441724
0 0.44511004503407714 0.3056124335902064 0.14356497446776162 0.05627388039388309
2 0.614733669622057 0.3445103720306981 0.1649374202293279 0.05893971824904348
2 0.7491560819531704 0.4011930333830449 0.11917712899944333 0.054430882647319156
3 0.46625846472826127 0.11880856768067352 0.1646678401603942 0.05051338442142633
2 0.5407896586782169 0.4227218118963899 0.08108238275192092 0.062867772858275
1 0.5684888748805674 0.4768635620741519 0.11397430784984885 0.04538921349644626
1 0.5527667832601353 0.5477647223765884 0.09616697831624055 0.03717326963491696
1 0.519094383623322 0.6119918051207902 0.10273979902810709 0.04518686386031856
2 0.6358015376964765 0.5771293865180662 0.05669453728360252 0.061024775111711116
2 0.6329555074308442 0.6433007648693518 0.043275468179513665 0.04376452300347433
2 0.6222932584772338 0.6951919328475474 0.04108419912524952 0.041093283914188206
2 0.6057374662719015 0.739378555331115 0.03752293050871314 0.039450119750373935
2 0.599730196656249 0.7855145055285233 0.03587851681515941 0.03924500797595509
2 0.5837212598116276 0.8272350006972231 0.03944077188262196 0.04088829518222603
2 0.5711344607121912 0.8649472561628488 0.0394436330431176 0.033694901969586244
1 0.46857022075389615 0.6722161724384992 0.08219049746810236 0.039026823764819585
1 0.457220554987976 0.7195865058412586 0.07534424907588039 0.02978016588198429
1 0.4344996665601363 0.7649048941217395 0.08411120000250699 0.033271605984032115
1 0.42753253890274445 0.8077531964436011 0.07945237305312741 0.033889457360666064
1 0.4182359977706629 0.8496773607963461 0.079999228413838 0.03635558467553335
2 0.37584839083746746 0.4350946740040812 0.08052881861929317 0.07478830892623084
0 0.4277473873315131 0.38391197583724496 0.159731737919238 0.057091442310810314
1 0.3464165372773355 0.4840110784387993 0.09890411628028939 0.04231051299661415
1 0.336031563615502 0.542272676478582 0.09123087607508423 0.04375132752430111
1 0.324822459301181 0.596629971771645 0.09506941998339757 0.039434285175365846
1 0.3008735633429161 0.6512989548913158 0.0953428476637529 0.040667348832799544
1 0.2893910313482396 0.7068893138418126 0.10136881301490891 0.04621481574333375
1 0.26667157350064774 0.7560093874605758 0.09862782743943857 0.04827084255182024
1 0.2518997699895424 0.8073879605664092 0.10082195765419832 0.043748688428466465
1 0.2350719806841027 0.8566093320456925 0.0912347236865057 0.036558057354117435
