3 0.38193296193417703 0.3165123555057969 0.06558985693810421 0.021181908283206707
3 0.3068841258397894 0.3065108832849008 0.07563890881738816 0.021979381289210953
3 0.37713205983514564 0.3515237385579396 0.06945004688645712 0.019491891033901865
3 0.29898869707853204 0.3422887335473209 0.06960947768981746 0.021500897485608406
3 0.21976061803554914 0.33397969034818054 0.06759966731396072 0.0213414028844075
3 0.22665158761069298 0.3618298561276512 0.07780824569336575 0.024149088228343774
3 0.31291400296917476 0.3706971304309945 0.07378862494165228 0.023830099025941964
3 0.22169115901154066 0.3988514515177257 0.06590890993834614 0.025202332959070428
3 0.30594366829740477 0.4075604371060937 0.06558985693810393 0.021181908283206596
3 0.385857599528074 0.41996965228169847 0.06590890993834642 0.02520233295907054
3 0.4663141119028352 0.4637697682228096 0.06373957306236783 0.023032626019937885
3 0.3850763181807562 0.45530002453624285 0.07008796149342023 0.02753032861317878
3 0.3030727654757894 0.44373702387151603 0.06992853069005966 0.025521322161472126
3 0.2199048767795338 0.43410328235789525 0.06775919381408183 0.023351615222339528
3 0.21795916374416657 0.4713641196497711 0.07024748799354122 0.029540540951110694
3 0.29911724206456536 0.48083836656219114 0.07177881456579543 0.02367060442474117
3 0.38104098367109124 0.49340707633899666 0.06775919381408169 0.023351615222339306
3 0.4634432090812197 0.4999463549882319 0.06373957306236788 0.023032626019937663
3 0.45454287513203395 0.5356444579500516 0.06373957306236844 0.02303262601993783
3 0.36828055547031285 0.5267759777604828 0.0720977718692768 0.02768982321437974
3 0.2881273823378426 0.5173814781486631 0.06791872031420287 0.02536182756027139
3 0.20588458773107426 0.5088331930477215 0.0642180568659709 0.029062057147508258
3 0.3663347467381849 0.5640380209385841 0.06558985693810382 0.021181908283206763
3 0.4488964986484344 0.5685670872498874 0.07394815144177347 0.02584031136387399
3 0.44277163836123257 0.6075191476772935 0.07209777186927702 0.027689823214379627
3 0.44006026203973814 0.6416855221047838 0.05971995231065513 0.02271363681753602
1 0.37032303567075664 0.6412078862650712 0.05818862573840061 0.02858357334390549
1 0.45267776950197663 0.6993163187010564 0.07378862494165206 0.02383009902594191
1 0.44763752980438337 0.7373436232032097 0.09018606525198802 0.029125274625187325
1 0.4424378593034296 0.7773799341570696 0.09420568600370155 0.029444263827589134
1 0.44419271401953375 0.8189801853272112 0.09605606557619789 0.027594751977083276
2 0.3386449994624652 0.6963343048607782 0.036878152711059875 0.036877782647904866
2 0.2702473493428448 0.6534911565268722 0.044024077945956364 0.051425341044580075
2 0.17695069336562516 0.6440644452331004 0.045395878018089586 0.04354519218027875
2 0.1715914963645504 0.6861109685248921 0.0453958780180897 0.043545192180278636
0 0.2902814514576839 0.6176645647595789 0.07611739262099049 0.028008812416781326
0 0.20972950992329123 0.6132949930494762 0.08045606637294622 0.032348226295046856
0 0.21958681147968218 0.5655380278325157 0.07611739262099051 0.028008812416781326
2 0.1337545920390255 0.4747937436171442 0.0769149294248354 0.038058668220215364
2 0.12868257452047538 0.5259641609008919 0.08278483405228458 0.03652693968588605
2 0.1216007466260684 0.5769750835834389 0.08495417092826248 0.03869664662501904
2 0.11970287547466352 0.6263757363172816 0.07273578217300054 0.03572946667988197
