1 0.6217973172322782 0.42523435411581323 0.0428997560842338 0.035663756000343716
1 0.6265181529547061 0.4648763903922901 0.040406658413814966 0.03541622955012058
1 0.6303372470030282 0.4995941129404852 0.039345735851789576 0.038616264139211265
1 0.6311328099466444 0.5362836410780947 0.036667011908187 0.03504493987478563
1 0.6340501623208606 0.5660770498980081 0.03916010957860583 0.03529246632500893
1 0.6392550388326428 0.6031641068915106 0.038006346033262584 0.0368301033874644
1 0.6422651764967251 0.634618915998991 0.03551324836284386 0.036582576937241096
1 0.6429678984570237 0.6696460466099652 0.035698930329478684 0.03990737199051164
1 0.6466942072154795 0.7027023688705933 0.039252894868471944 0.03695386661257605
1 0.6509973420531558 0.7348651121358141 0.036667011908187 0.03504493987478563
1 0.6524161237209253 0.7714917614217995 0.03579171561934502 0.041568772278078536
1 0.5420047983382544 0.4665818152198518 0.033802605997949486 0.02814882055708967
1 0.5470041013171836 0.5112100468371661 0.03112388205434724 0.024577496292664147
1 0.5525802860687841 0.5549456966981412 0.030712734988641244 0.03941231909006515
1 0.5561938065842533 0.5972045938701485 0.032741683435923874 0.031348855146180354
2 0.4748568959439138 0.48745479686716403 0.05564371169282878 0.041887583592297495
2 0.4765542005616356 0.5290686387330551 0.0547684154039868 0.0484114159955904
2 0.4827072113924566 0.5719107095986227 0.05670457856140321 0.03868655176413871
2 0.4883961286935928 0.6064427873091505 0.05421148089098449 0.03843902531391541
0 0.4769257389105349 0.45716633514680416 0.06699533101891797 0.023180434480063628
1 0.3681308972836834 0.551531711899564 0.021933890984745297 0.01540016332277494
1 0.3696160745495067 0.5781250861303868 0.021933890984745408 0.01540016332277483
1 0.3731567013413276 0.6078566133377444 0.023551748059773336 0.02217251941535925
1 0.3771349762775696 0.634202461118344 0.026230472003375804 0.025743843679784773
1 0.3845743747694872 0.6551898266437031 0.023366121786589755 0.018848721601156915
1 0.33011115780979744 0.5553064902654684 0.020687342149536048 0.01527640009766329
1 0.3333733173451172 0.5800518221319886 0.022119572951380395 0.018724958376045264
1 0.31696916277358816 0.6117635609411322 0.026230472003375915 0.025743843679784773
1 0.32152431948250165 0.6372168269653924 0.024891137878300218 0.023958680167106006
1 0.34454557841453654 0.6566571521768562 0.020780183132853458 0.016938797624298507
3 0.5121144131744765 0.402698903228741 0.04321806216662227 0.019166535676307606
