2 0.21249695370614208 0.616291084354867 0.05224377354506807 0.03273974567143256
2 0.20149878055766735 0.6668124388424399 0.05051705923896685 0.03433644428234195
2 0.18739534191988286 0.7154526269278232 0.05051705923896671 0.03433644428234206
2 0.1786393865335103 0.7665147484674663 0.04879065435870947 0.0359344258858465
2 0.1653989956229327 0.8164953359029689 0.05051705923896685 0.03433644428234217
2 0.15293247874804433 0.8632671588588126 0.05724371252527402 0.0359587454385526
2 0.1444342750896721 0.9132605475669657 0.03603243632850611 0.026815627651367357
2 0.13567862912914336 0.9643213861140139 0.043274902496658316 0.030576677463151625
2 0.12148539794815374 0.9969688941006687 0.03654824921035127 0.006062211798662731
2 0.24599552292522206 0.9004200838701697 0.05188491279809099 0.048764351834103326
2 0.22913405364349032 0.9506582535590571 0.060853783846500614 0.05092742004238393
2 0.2161517238867571 0.9887975699693677 0.04861137869814253 0.02240486006126452
1 0.25328282515933764 0.8456097137913923 0.04448549449507108 0.026839947204073678
1 0.3346079605942308 0.8674864598475265 0.05672820906927273 0.03382127977557292
0 0.26671380820625334 0.8194334143955145 0.08897129841598597 0.0536811774007413
0 0.33743315082984066 0.8410154573729076 0.06345486235558007 0.035443580931783014
0 0.28193835572508863 0.7710636098361665 0.09915076146280855 0.05210751534994318
0 0.35239994662067564 0.7937143856450493 0.06518126723583795 0.03384559932827902
2 0.2749987867767446 0.7162161189320324 0.05361131767834851 0.047166370230599
2 0.28255484778878803 0.675048108372212 0.057064436864707246 0.04397169001618495
