2 0.4577974139590856 0.793826652852436 0.008882847273191441 0.01527160790880644
2 0.480900263247104 0.7919445313431142 0.01013238520548404 0.015291585225656434
1 0.5277919500213074 0.7949776427180664 0.018811105775590198 0.007865089154257432
1 0.5297887280427526 0.808565994398208 0.015062491978712345 0.007805157203707336
1 0.5317787048345002 0.8213980755045522 0.01629842745160992 0.006312593372962305
1 0.5312696057616625 0.8342701112445968 0.017561567843297654 0.007845111837407437
0 0.4638001613745362 0.7664901309573517 0.018824716399726937 0.00937853818969614
0 0.48329727984251736 0.7805559786632332 0.020060643707882797 0.007885066471107649
0 0.46332508477966966 0.783145335342071 0.020074254332019592 0.009398515506546246
4 0.6679823882238429 0.2638156050114316 0.2872056028944002 0.12260022523895378
