0 0.5498218681330616 0.28608076926288833 0.13735785039736398 0.06897509219122777
0 0.5720892086929701 0.2057590180674661 0.15226944300431267 0.06816003391387604
0 0.7112904608232158 0.22294041406765774 0.14425046268514097 0.06205723348022152
0 0.678406201467262 0.3098513224800434 0.14340112915867886 0.06889626454659459
1 0.5499453117855151 0.4161856678931203 0.09270875435315518 0.05745222265057098
1 0.5054044132382065 0.5395681819674027 0.0980208053946468 0.04558906147693487
1 0.5215461131093123 0.4784093041726123 0.09875203311447006 0.05737339500593791
1 0.4954883161286482 0.5998852518318085 0.09036647307593976 0.045378254165722054
1 0.47331665193288674 0.6612674274650354 0.09185942082669296 0.06429125371694411
1 0.4687940019328609 0.7153636290708967 0.11041585559276323 0.06063560253397793
1 0.4454083562101727 0.7752201914167398 0.09756661217975598 0.05366441815896539
1 0.42780936618969445 0.8276192126042614 0.09793319189911454 0.05955675856552678
1 0.36654643180315116 0.5479420947573433 0.08310824692825097 0.046403946112226535
1 0.3626164922704823 0.6001838079397185 0.05619577857530994 0.033408615306132816
1 0.3546475361265681 0.6490846595914802 0.060571848454254396 0.04235235592952136
1 0.34944456216365316 0.6893312319336393 0.07308403859956264 0.03877535874912874
1 0.3388348266545462 0.7331815511092246 0.06494695247375204 0.05129592291085039
1 0.667824146968691 0.4308410869979905 0.10722520664853286 0.0554008387575618
1 0.6410055095387737 0.4881194208148523 0.08654736978520117 0.07615441489058028
1 0.6260339844468286 0.5429518530534322 0.07691830176808434 0.06976215314313983
1 0.6152990461219149 0.6005069840147966 0.0749130737585677 0.06823636621369622
1 0.5893154619223531 0.6631648990859977 0.10431352392812865 0.0700261124762992
1 0.5809513654668674 0.713302076353417 0.09660110456554916 0.07912716110483431
1 0.5651600333001201 0.7653723960468958 0.10555703190671517 0.06442323338352351
1 0.5540156743675284 0.8215465575567398 0.10352324330498597 0.06755346124498407
2 0.5612729605777859 0.3567760485082696 0.0925040009104312 0.09004345797659902
2 0.6622340092850494 0.36577526285635786 0.11340175109426953 0.09846160163642204
2 0.2952932738037173 0.4593051082128915 0.04608395675108956 0.03974772503162666
2 0.28732431765980293 0.5082059598646533 0.05288895554333456 0.046797563409212484
2 0.2843679486099562 0.5547395639407066 0.0553178844566351 0.044903661163409714
2 0.27574819495481234 0.5950255501051823 0.05844948049754625 0.05945010723751398
2 0.26633719481707885 0.6377840138589133 0.06734732079483982 0.054058035455951337
2 0.26254673839632336 0.6789382103226873 0.06895740849278487 0.05434749676973738
1 0.36553090001368665 0.4738934634541251 0.10042020785628769 0.04835100037997586
1 0.37520465436024636 0.4063423239118941 0.10606931216547844 0.04703602076174518
1 0.39591999426608226 0.33620046531345826 0.11047394263663562 0.051323746594229946
2 0.4290823402641859 0.29901937867187606 0.07661077495204505 0.05455813043889024
2 0.42008348575693044 0.19934927510317624 0.12089425713634216 0.060188833215045395
2 0.434908344450024 0.1183431976245756 0.11448439865566845 0.054375320453117104
0 0.7516600429343039 0.14456571713998495 0.09883964661000222 0.0434056979173459
1 0.31999130244027973 0.23822504681828527 0.10425543688425609 0.0793379684160471
3 0.6123648736032643 0.021460280989048054 0.1578309338179712 0.04292056197809611
3 0.7317581201202383 0.04025641697727181 0.08888965106241642 0.08051283395454362
3 0.810212296805165 0.046581030208628214 0.10996262823731928 0.06871113285806836
