2 0.5852871527495747 0.32888808170455 0.09808964015742272 0.05523038903842781
1 0.6123951110131518 0.42160191055474405 0.09171404246057524 0.05934069960005617
3 0.6791102538992546 0.4903371262657216 0.12476591145974436 0.07099982432986474
1 0.6505350462923966 0.54741287066254 0.07762666947758046 0.05126920835235671
1 0.6750376832603462 0.6082132317628539 0.07396028218873063 0.04237572143193946
1 0.687889327152602 0.6713927219922042 0.07995687917713035 0.04387058290181767
1 0.7074498221535621 0.7280574449767683 0.07852943979872096 0.046934534452338306
1 0.7245801060107762 0.7772107350288153 0.08055258351965766 0.04857880400579828
1 0.7469135624368507 0.8311102570073325 0.07500782141411633 0.044916717694915786
1 0.762170219912129 0.8814344616760431 0.07305751186759024 0.046710395331957644
1 0.7845441090757144 0.9298904818889226 0.06901122442571661 0.043421856225037914
1 0.8265799681283197 0.5073152764547504 0.055826621763862105 0.031015691077319607
3 0.7931184340347688 0.45701584700870024 0.08497787166997883 0.046262171081212056
1 0.7609066028541585 0.3819403871053054 0.07155813775934627 0.04633662390998594
2 0.7619559980544931 0.3123956033374413 0.06673542128587906 0.07705243997805816
1 0.8418694407527151 0.5651010894872208 0.055447621055414675 0.036620863108826174
1 0.8565947110269068 0.6271096650999073 0.06046861354826316 0.03901245128822051
1 0.8710252813456347 0.6810462627561238 0.05154610251778635 0.04020799416490062
1 0.8916737483094916 0.7347089623458927 0.05671186391488048 0.04947525250729001
1 0.9080511928967836 0.7894927519835677 0.06577824440502644 0.055155155575594916
1 0.9237566636891757 0.8390200376755963 0.05970971268679226 0.05022257113322459
1 0.9417862825895683 0.8865790413382599 0.05754269950618629 0.041702855634779046
2 0.5446838719161834 0.6661983676666567 0.1060909532520607 0.08116353117374542
2 0.5649154865075683 0.7281198188148772 0.1045196444139821 0.07735203677928071
2 0.5847782990523858 0.7799514096265143 0.10016719043807176 0.08310661689436949
2 0.6087580206121177 0.8395308073233977 0.10278603850153589 0.08945910755181052
2 0.6351747166995143 0.8937167520414109 0.09454959415811948 0.0760065833929846
0 0.5318254646400092 0.6159237633486939 0.1229603708174633 0.07966917212990143
0 0.5020438446031449 0.5483597363778163 0.1207924581922814 0.0711492324134465
0 0.48143581037679906 0.48925353502241004 0.0979457706977534 0.04835494309344257
2 0.4158414546027104 0.42497790428039695 0.08714488485058486 0.05478188657965738
1 0.2467970323969356 0.33556507083384535 0.06922792805979644 0.05373524936052493
1 0.27430255465170394 0.38674876793905355 0.06368316595425508 0.05007316304964238
1 0.2933797127774821 0.43674924997255926 0.06465877044980611 0.04917643634012614
1 0.31691567599506776 0.48422112917075655 0.06518254006249896 0.05044693447161436
1 0.38657955097404506 0.2995530160496119 0.06256369199903472 0.04409444381417338
1 0.46892386533189157 0.2847297724884702 0.050426628562566134 0.034229274929431786
1 0.4059185939061697 0.3501638676758281 0.05492385144272183 0.03535036497733801
1 0.48507985785034824 0.33345969076779747 0.050426628562566245 0.034229274929431786
