1 0.6667291996476278 0.32846152399249906 0.05313032492243175 0.0418253806619559
1 0.5823828088536183 0.34818810437247194 0.05150009506863662 0.03826950585518207
1 0.49847875129158115 0.3610678731506823 0.047005648196021765 0.030895780369178616
1 0.585754306738218 0.39726250710640043 0.053374655587802855 0.0338605082368279
1 0.508021372779145 0.40882252272456765 0.04799542347345914 0.039123616046538856
1 0.5137622594327378 0.4565455494608992 0.047203531984838565 0.03254075507678472
1 0.5956169773472845 0.4424157445433192 0.04720353198483851 0.032540755076784666
1 0.6781878682943204 0.42897743904331465 0.04577142347542895 0.030631829737170102
1 0.6851629796685059 0.47643651514763763 0.048635759272032675 0.03445066779617617
1 0.6025922074992544 0.48987580802741876 0.045131087676855364 0.03530477798753273
1 0.52105753870621 0.5014042008080323 0.04823987291661447 0.03115973100118724
1 0.5259834292106893 0.5476142281527621 0.0470056481960216 0.030895780369178616
1 0.6015448581895864 0.5390505632397979 0.054166547076423543 0.04044336920658187
1 0.6884355356586971 0.524688430527763 0.051104208713218635 0.034978569060193254
1 0.688622411069622 0.5735992351081334 0.0470056481960216 0.030895780369178616
1 0.6069888003821693 0.5843051405349438 0.05110420871321841 0.034978569060193254
1 0.5266884750875022 0.5955705700633251 0.045131087676855364 0.03530477798753273
1 0.5337858705721574 0.6387842467028522 0.04537541834222625 0.02733990556240473
1 0.6111986366319437 0.6298246558418747 0.05051031979119902 0.030041670177821778
1 0.6912020174656011 0.6160907768723077 0.049671981426024026 0.03306865634080203
1 0.6973621326906734 0.662036853585029 0.04636531239744812 0.03556872861954141
1 0.6158274638976289 0.6735652463656425 0.047401534551439695 0.034186717164167324
1 0.5367381398852777 0.6896355994603909 0.04759953711804099 0.03583267925155009
1 0.6998426784144596 0.7037049206156238 0.04310497146764192 0.02845796638577014
1 0.6188030754268107 0.719348712304582 0.04720353198483851 0.03254075507678489
1 0.542403308082739 0.7314672646445437 0.04577142347542873 0.030631829737169936
1 0.5475503058143123 0.774253392498504 0.04537541834222625 0.02733990556240473
1 0.6242702410576706 0.7595344154013522 0.04537541834222625 0.027339905562404843
1 0.7007689502961507 0.7482383504151936 0.04947409763720745 0.031423681633195866
2 0.434950038935029 0.7485396080771147 0.036352174003043136 0.06228666496167523
2 0.44437037631212317 0.8005396571157963 0.03393017143841154 0.05214891656492371
2 0.35177800424218053 0.6464802450002892 0.03556028251442267 0.0557038039919211
2 0.35821184048998533 0.6999636453525718 0.03536227994782132 0.05405784190453855
2 0.36864529536057844 0.7551236432500144 0.03496639359240317 0.05076690510954973
2 0.3751780735027918 0.8094295309561002 0.03249794415121732 0.05023900384553248
1 0.31544530012331534 0.7496209357438751 0.048635759272032675 0.034450667796176004
1 0.3260766387827254 0.8064259083489236 0.048239872916614523 0.031159731001187185
0 0.3648242094202133 0.6023352824233899 0.07371614003930804 0.04302061723133732
1 0.5228015911641891 0.3001632196443811 0.058067223804803225 0.0428811831899904
