0 0.9008597095877591 0.4120850189227647 0.18213503379499685 0.07280955184664495
0 0.9144901339382558 0.47932110218346435 0.1324093263063102 0.06529144075873256
1 0.8708961960918498 0.5164180638867417 0.08813809557987329 0.06041777692555572
3 0.9176380337784414 0.6063459339384787 0.12300029171968507 0.06181071542338301
1 0.8709065057811773 0.6584763031389871 0.08327381745566353 0.05192556854095509
1 0.85892395316219 0.7195172333343247 0.08177378934698765 0.05011648061844698
1 0.8450551154951582 0.7793751664576656 0.0765011911422232 0.04900266817547683
1 0.8319364010532677 0.8386060899821086 0.08063751835328159 0.051368662319469904
1 0.8205906417270834 0.894287960839494 0.07631920341393539 0.04747111461532494
1 0.8111999344156964 0.9448883067212834 0.06881873535814609 0.03842291875762516
1 0.8020356686273789 0.9922800665635725 0.07295506256920481 0.015439866872855146
2 0.6384516537245328 0.9374348509891668 0.07623018665356851 0.06835136449403467
2 0.6464797576899467 0.8755585614616018 0.0826390558520389 0.06821299523598179
2 0.6604172531529284 0.8094370250390546 0.07832063174188997 0.06431452878345034
2 0.6683321363568075 0.742827767024049 0.08077505228678727 0.0633408001931699
2 0.6751795155337337 0.6681448990389427 0.07663861590492627 0.06097388730079045
0 0.6820694259870658 0.627218901316432 0.15477330571097414 0.08046480920651722
0 0.6890987928922795 0.5510044797711738 0.15818190035048696 0.07670642660667548
2 0.687471280125187 0.45098513193602263 0.12700325754639685 0.09549846250802035
2 0.7022052751264674 0.37247469672204814 0.13827618652747165 0.10385046413779542
2 0.6948482177301136 0.29793025944606266 0.09563856363566225 0.06946597278325528
