2 0.6168750000000001 0.630833 0.09124999999999994 0.05500000000000005
2 0.6174999999999999 0.6949999999999998 0.08000000000000007 0.06333299999999997
2 0.61625 0.755833 0.08499999999999996 0.05833299999999997
2 0.6118750000000001 0.818333 0.08374999999999999 0.05666700000000002
2 0.505625 0.63 0.08374999999999999 0.05666700000000002
2 0.500625 0.691667 0.08374999999999999 0.05666700000000002
2 0.5 0.755 0.08749999999999991 0.05666700000000002
2 0.495625 0.8141670000000001 0.09375 0.05500000000000005
1 0.37875 0.618333 0.05500000000000005 0.026666999999999996
1 0.378125 0.6825000000000001 0.05625000000000002 0.03500000000000003
1 0.37812500000000004 0.746667 0.05125000000000007 0.033332999999999946
1 0.379375 0.81 0.05375000000000002 0.033332999999999946
0 0.235 0.639167 0.10250000000000004 0.028333000000000053
0 0.2381250000000001 0.706667 0.09124999999999994 0.030000000000000027
0 0.23750000000000004 0.7708330000000001 0.09250000000000003 0.028333000000000053
0 0.2381250000000001 0.835 0.09124999999999994 0.030000000000000027
0 0.11312500000000003 0.6358330000000001 0.09375 0.025000000000000022
0 0.11187499999999995 0.703333 0.09624999999999995 0.036667000000000005
0 0.11562499999999992 0.768333 0.08875 0.040000000000000036
0 0.11750000000000005 0.8325 0.09499999999999997 0.031667
