1 0.5568505257257343 0.30603905959193556 0.04159465526350681 0.031012256746257405
1 0.5524042824437883 0.3368355175008689 0.039817194486032714 0.030702786337562737
1 0.5492025055949403 0.36574352054420756 0.04052845317580833 0.03478794080853809
1 0.543512298902588 0.3931663357739874 0.03768399766419728 0.028350125858926267
1 0.5356888953884003 0.4223228706650145 0.04052845317580844 0.03478794080853831
1 0.531953621172484 0.4542950459788119 0.036618008975445204 0.03212703559011493
1 0.528396611301967 0.4799841415473446 0.04159465526350714 0.03101225674625735
1 0.5227064046096149 0.5074069567771244 0.03661800897544554 0.03212703559011498
1 0.5179049283059999 0.5349845072112518 0.04052845317580833 0.0347879408085382
1 0.5111480165032565 0.5632747951061094 0.03626227293108403 0.030083845520173402
1 0.5079462396544085 0.592182798149448 0.04123992526453063 0.03887432094842169
3 0.4603372407360069 0.2555595983174626 0.04550430681743195 0.023769133361482564
2 0.4011418520130734 0.31681361250708373 0.05794833095157487 0.04574470909764944
0 0.4094982498716369 0.28985500289034577 0.06896703296895901 0.0298354387444556
2 0.39687308043008857 0.3518499600913396 0.057237072261799304 0.04165955462667387
2 0.3910046093923368 0.385555855066384 0.05688133621743818 0.03961636455673223
2 0.38780232952079646 0.41972595565447046 0.05972579172904913 0.046054179506344106
2 0.4683332228963808 0.2885223490872587 0.04443831812868004 0.0275460430926715
