3 0.5268749844503737 0.2184454635763191 0.07085738133206687 0.0635115753796355
3 0.5127539958351217 0.2517925644188738 0.07229554572209762 0.05921528765817852
3 0.501433246422469 0.2871065426250437 0.06723324265135133 0.0560682838763944
3 0.559737230728633 0.32429715426572236 0.06605413807821103 0.052740512813077844
3 0.5999998915359064 0.3920812384398946 0.06723324265135122 0.05606828387639434
3 0.43867643213676705 0.28064976115391765 0.057195107704404835 0.04723325619495555
3 0.42543986039305737 0.3117963770151718 0.06529182028592245 0.05615916673274168
3 0.416447992564009 0.3431027607314636 0.06537829148046898 0.05361814661487124
3 0.4664982478503478 0.38296107258881373 0.05837421227754491 0.05056102725827211
3 0.4780546760724981 0.35063433030939045 0.0614950929828626 0.053798913896403344
3 0.4856317605189088 0.3192743972434219 0.05963978804523146 0.05134777820371805
1 0.3948393202495244 0.3843588320484137 0.05010491107368292 0.04671815538738894
1 0.37355501696606225 0.42302104291134013 0.0520463334391118 0.04662727253104171
1 0.3639734199670695 0.45579471001316313 0.05331190920679851 0.04741402347648782
1 0.35041212542558875 0.4895360665224336 0.05837421227754491 0.05056102725827205
2 0.5331446513978622 0.41190288763205074 0.04046870124920454 0.06408307512358702
2 0.5166060909774808 0.4548386793452538 0.04308632397912421 0.0631155568966087
2 0.45296521358698527 0.45058150266143576 0.03516220001995096 0.049106607691919546
2 0.4411137438964885 0.48364232673062085 0.03887245612846435 0.05400788064612827
2 0.42814217852495207 0.51591639985436 0.03651424698218392 0.047352338519494996
2 0.4174701671743443 0.5460426571524827 0.031624532533781835 0.03912229607080797
2 0.5008925847697925 0.4992953037936648 0.05118303656064199 0.07204146743439471
2 0.48432434301998656 0.5440917543651222 0.055065881291499585 0.07185970172170031
2 0.4690832587236949 0.5766521042622309 0.04284212582061708 0.051286093246725395
2 0.5805105536888435 0.49596304571316285 0.048321215672215034 0.06117952201148985
2 0.5646504126599313 0.5318504576600644 0.05085236720758801 0.06275302390238191
2 0.550234382576333 0.5659316402923811 0.04899706226995737 0.06030188820969651
2 0.5352583046522144 0.5996194474519747 0.045876535331388246 0.057065000002727184
2 0.5217860540990074 0.6277788273864823 0.040900349688439586 0.05137597767191049
0 0.5293737904459038 0.36410711280410496 0.06529182028592234 0.05615916673274157
0 0.5690166839949036 0.45308812523887315 0.06967827675892657 0.06018380431631898
