1 0.6166599117552669 0.4399440105905049 0.054829498180877234 0.044656598027382255
1 0.6296816915196919 0.48978415928599917 0.05342949435826194 0.04277489465849177
1 0.6396098058901589 0.5389908809855715 0.04864184251255943 0.03982402440332278
1 0.6579838455041342 0.5887525937584448 0.048912630327478834 0.04134933881012015
1 0.6710056252685594 0.638592742453939 0.05202949053564676 0.04089319128960167
1 0.6850213083533208 0.6873143024867632 0.04864184251255954 0.03982402440332278
1 0.6983370707468752 0.7354518573000565 0.05062964915323254 0.039012402926354106
1 0.7113820453255104 0.7820640977065524 0.0463834104971681 0.039111246479136996
1 0.5767229888207592 0.6280873468913496 0.04864184251255954 0.03982402440332278
1 0.5858157073724591 0.6759469486651707 0.04724200113014532 0.03794323604007532
1 0.600713013464207 0.7195588970401061 0.05004184633517483 0.041705727772213264
1 0.6089704986373404 0.7660722938938191 0.04805420213470257 0.042518264254824634
1 0.6187863326944574 0.8112879925981727 0.04466655411161535 0.04144909736854574
1 0.5410278034032787 0.5781560461534971 0.05880478658182153 0.04303152506215935
1 0.5223170852894536 0.5164221794006109 0.059299972583240323 0.051825192529564745
1 0.5092756420283174 0.4496784595482618 0.05252467653706572 0.049686858757007346
2 0.5988040905167195 0.39645991991458174 0.04357666509734193 0.07133596109923329
2 0.5168271809629247 0.3981756172252475 0.039693831072835806 0.06147312674554878
2 0.47702476333443844 0.3318259069972883 0.055100123555595626 0.04618099742853671
2 0.4601894091077353 0.26386292491820035 0.04913702851397833 0.0486176918707284
0 0.5681209551314407 0.354609508719949 0.077684443709511 0.05330877667039535
0 0.5583316847658316 0.2860335072751009 0.0824720955552134 0.05625964692556451
3 0.5246184428819061 0.13643371026035445 0.09349346781725176 0.05829822213969642
2 0.48451724451277245 0.6225637052876365 0.030164917009850634 0.04982834758139976
2 0.4951220847602368 0.6755823404957376 0.025106477349228717 0.045352162919433114
2 0.5081670593388719 0.7221945809022337 0.02709428398990188 0.044540541442464554
2 0.5106429893459662 0.7697268078601913 0.02483585197451038 0.04382776351827877
2 0.5238696662403803 0.8106454313892679 0.023752863155033554 0.03772742089673209
2 0.5335501876101381 0.8550989303930441 0.022894434962257182 0.03889634634143646
2 0.4762170634689188 0.5623755605717098 0.03350617540451811 0.0566405531214893
1 0.39921407648178314 0.40067072726862557 0.0559587141885729 0.0450129869894752
