2 0.4455577002635298 0.36365075709608874 0.10100047425542091 0.04529718866175153
1 0.4372210113452699 0.45382169934949745 0.09248160670019151 0.050087021814814
3 0.3801962681371251 0.5250395262818455 0.12827827501680278 0.05836850639605429
1 0.42443051504318585 0.5763089581193461 0.07801157571677292 0.04344149665385133
1 0.4116281037704232 0.6360718823747671 0.07596940873564317 0.034889237906596815
1 0.4120776259513438 0.6969918817444827 0.08262144682494249 0.035768563934017394
1 0.4037184375902767 0.7523828426815615 0.08017014332286415 0.03899408872297572
1 0.3962898732478629 0.8004464648536719 0.08212514042430685 0.0404357044525161
1 0.3842731999030764 0.8534836272846715 0.07655288501596585 0.03733274040581247
1 0.3791562149987201 0.9024784252787634 0.07381084112955183 0.03933664583747232
1 0.36584904570644106 0.950374296550121 0.06990084692666643 0.03645341437839178
1 0.22324554241035494 0.5549039045864013 0.05758938354933907 0.025360481286553327
3 0.24822339404806656 0.5042268392584801 0.08790196409312206 0.03764977673111325
1 0.2661652896679925 0.43024909832529723 0.07214758216827044 0.039116781357539765
2 0.2490971042104274 0.3646152033464243 0.058697874619435875 0.0704681056766725
1 0.2198012510655641 0.6109543270709681 0.05572255408340926 0.0310296404670366
1 0.21793919380842725 0.6709431506187022 0.06100307135158872 0.032910853264132456
1 0.2145503120618058 0.7232749046277245 0.050237468554755305 0.035037319438047
1 0.20431715147292315 0.77593035459811 0.05394289449716655 0.04380944266523412
1 0.19899888790031697 0.8292452661159837 0.06313240821240562 0.048573755029100885
1 0.19320993320253305 0.8775288846603362 0.057268414663903255 0.0442490397327896
1 0.18443546331445743 0.9241698841483491 0.05688950664405487 0.03591664546546758
2 0.5670756611894923 0.6786648256502463 0.10380145503207328 0.0705143678359591
2 0.559188146933006 0.7390872114531557 0.10292624061158917 0.0668491140871359
2 0.5493925935543658 0.7899383262788295 0.09636237015780247 0.07308056296973875
2 0.5368809374423613 0.8484982285454663 0.09782106085860942 0.07918931921777739
2 0.5204764507840485 0.9021886858192641 0.09157716153443302 0.06653207776183478
0 0.5695883455362265 0.6299416100383384 0.12396113980461998 0.06726332225780529
0 0.586599617137499 0.5632912078701235 0.12358123402894605 0.058930796098173865
0 0.5955422817788889 0.5054944667400959 0.10257656333701515 0.03840641012397
2 0.6523657463187837 0.4385967533315299 0.08828087211297075 0.04598217099843527
1 0.8162616210722813 0.33824727138471317 0.06753771106010109 0.046789714077373534
1 0.7979821792067501 0.3892020857995082 0.06196545565176015 0.04368675003066996
1 0.7886242330383517 0.43824886548047015 0.06333697647287995 0.0426848632609948
1 0.7738243061509268 0.485323427223658 0.06362871461304143 0.043906614510602515
1 0.6555617941509039 0.31730621795346564 0.06217002391223425 0.037797858262563544
1 0.5623586868060724 0.31101076351349666 0.05044203681522952 0.02914842766994069
1 0.6460579789124248 0.36695444268266486 0.055430815943247835 0.029807889217428774
1 0.5558957963560542 0.3585829388234909 0.05044203681522974 0.02914842766994069
