1 0.31344781971246427 0.3572151173585921 0.05886915968000139 0.0415567757468252
1 0.3102155174368113 0.40620165201204306 0.059074503377013976 0.04311102224215996
1 0.310698179472335 0.45207058204573236 0.05137379234613809 0.039918507879332765
1 0.3136956520552963 0.49948830610273887 0.05366678117155954 0.03890941775209661
1 0.31167985831286554 0.5453626886084457 0.05886915968000128 0.04155677574682526
1 0.3096395225994217 0.5889047684500848 0.05678151455159253 0.04412011236939628
1 0.3088402275734248 0.6316660658869822 0.05866369272746835 0.04000159633042488
1 0.31057211749792574 0.6775322696846625 0.053872248124092637 0.04046459716849693
1 0.3103728944454043 0.7179599013394875 0.05471054210800369 0.037627282980278176
1 0.3114065445123767 0.7568305602629689 0.05595976999698071 0.0379003276248604
1 0.31310570526433423 0.7995864052278485 0.05825288207792262 0.03689217041868975
1 0.4319906946410723 0.4036035413371162 0.0522120863300492 0.03708119369111407
1 0.4300894333689664 0.4603623139154949 0.047420641726673596 0.037544194529186115
1 0.42818816228007195 0.5171201535728079 0.048036919328752536 0.042208799857321955
1 0.4256377352756759 0.5715470536840577 0.0484644026631178 0.03626205975736796
2 0.44593960185708426 0.36392304433386174 0.06280551435912579 0.05298632218759547
3 0.4691186536158755 0.3110063407448671 0.06865751583928537 0.04218595348708126
0 0.5260538031639745 0.37929756063010533 0.09282032906421717 0.04142706163418647
2 0.5314842928133803 0.4204909803916237 0.08173272696149697 0.06769333728441623
2 0.5270845659465315 0.47725427252095437 0.08484746034152985 0.0729040319017159
2 0.5238522636708786 0.5262408071744051 0.08173272696149697 0.06769333728441629
2 0.5218773666689445 0.5760017388395149 0.07632500475604254 0.0634917327943526
1 0.6695538066166973 0.48238521019175307 0.03183030214168869 0.02054688745437655
1 0.6711466220998601 0.5150347212526938 0.032652046696300285 0.02676667219891271
1 0.6690326604733764 0.5515798931021295 0.033268324298379115 0.03143127752704844
1 0.6644038784826667 0.5865753380071822 0.03597212377334613 0.033531613311547304
1 0.6584195233341851 0.611467175244305 0.03473956856918847 0.024202402655275845
1 0.719498380204771 0.47994385808733275 0.02703885753831281 0.021009888292448597
1 0.716710720691772 0.511825787726637 0.028493429124302416 0.022837179432365518
1 0.7402141081740619 0.5490921949855594 0.03679386832795817 0.03975139805608341
1 0.770075754938863 0.47827919903364113 0.028698896076835734 0.024392358848766005
1 0.7666552942798457 0.5093844356222168 0.026200440298881356 0.023846269559601896
1 0.7355035228855709 0.5763136086507412 0.030358934615358657 0.027774829405083246
1 0.7507478546481712 0.6003810437069814 0.026833390585779493 0.0194547088760485
1 0.7064411711467663 0.6043653071657623 0.028288085427289777 0.021282932937030763
1 0.7309242896718151 0.437936510892028 0.02828808542729011 0.02128293293703082
1 0.6145281055422342 0.3581132738968692 0.029331846363734093 0.02000079816521244
1 0.6107693572061457 0.4164303823245959 0.02787715152222392 0.0181725741042299
