1 0.4615169451575888 0.7628279106243481 0.02688055730396871 0.029715678572584947
1 0.4587722305351186 0.7847731513532794 0.025520386216267066 0.02228337997422858
1 0.44343337986699 0.87900948268401 0.024320392489224574 0.0218929646654914
1 0.4401446294548512 0.9039274644699824 0.026992316224613955 0.024159719855732065
1 0.43339202922929715 0.9269303461318514 0.02404829298086042 0.020406148181216777
0 0.5173726145389086 0.7841501711920393 0.03964821143241054 0.02548154719480089
0 0.5127477390320154 0.8094215918671658 0.039648211432410485 0.02548154719480089
2 0.5505384174815177 0.86345432961876 0.02169672396679001 0.032223159570214266
2 0.5448254703952871 0.8946712324079684 0.02169672396679001 0.032223159570214155
1 0.594436769944143 0.790322482514118 0.026992316224614177 0.024159719855732176
1 0.590195752866259 0.820443876039297 0.029936502695426803 0.02791418344175578
1 0.5868269953873202 0.8492727688230619 0.028736508968384422 0.02752376813301849
1 0.5818500133052631 0.8799419169802558 0.024864428278893458 0.02486570572253244
1 0.5771451307315701 0.909124248653175 0.028192309951656336 0.024550135164469467
1 0.5703681580589492 0.9392077738472626 0.028464409460020268 0.026036951648743867
