1 0.31774559536187913 0.6222605682495588 0.09381879949069538 0.049138064100255785
1 0.3356107262985697 0.6983467025634416 0.09652555577519611 0.06376027889867941
1 0.34420151786903885 0.7856019609942495 0.09855552149028618 0.07472639169185757
1 0.34480477700797774 0.8705544278965386 0.10654264792867324 0.07973361095127096
1 0.3373545414975426 0.9324243700594914 0.10248271649849228 0.05780138536491475
1 0.46294544974670826 0.5897113023184339 0.07987410633586861 0.05008754515204761
1 0.46767859013655666 0.6663387755752451 0.08420586184319617 0.05441810917309797
1 0.5515426780818765 0.7415495560109469 0.10924940421317492 0.09435582574969492
1 0.6103115878783436 0.5586528563820294 0.08488265241260717 0.05807421117834344
1 0.6128784445213858 0.6337895096441204 0.0775719105504884 0.05672090070161673
1 0.5487627963600461 0.8082258993321254 0.08989119848934524 0.06606087720463949
1 0.6031152683963432 0.8567635548289984 0.07919731576645839 0.046431443146802254
1 0.47504137377069233 0.8899239741927331 0.08352947726692822 0.050764200390411185
1 0.4794017821559602 0.48458806241537933 0.08352947726692822 0.05076420039041113
1 0.10643236158830278 0.35892780008862313 0.08650805762857625 0.0477847536235288
1 0.11901313476822252 0.4983725033376205 0.08217589612810558 0.04345199637991981
