3 0.6094452851657677 0.3428938306168152 0.03674370881048894 0.0257046031179195
3 0.6129344382054316 0.3645825074370612 0.03534607619266583 0.023744596765469417
3 0.6168722990416728 0.388660664981469 0.03424764193360064 0.023377896159890332
3 0.6546631123662549 0.39720592277139555 0.03674370881048894 0.025704603117919445
3 0.6583017748437385 0.41969077456893217 0.037842143069554246 0.026071303723498418
3 0.6620901262421601 0.44297275713604944 0.037042907169246964 0.02729790886479061
3 0.6209106692108695 0.4101659914989255 0.0279562347379666 0.022770998273287713
3 0.6237500957880453 0.4346108496489123 0.029054668997031907 0.02313769887886663
3 0.6275384471864671 0.45789283221602933 0.0298539048973393 0.021911093737574605
3 0.5806239684925175 0.40076178496557546 0.032050773415470024 0.02264449494873244
0 0.5942958985824189 0.4300552609102068 0.03424764193360064 0.023377896159890388
2 0.5872494168280071 0.4578004245104045 0.018565704667712457 0.03307417595688983
2 0.5922342026952228 0.4874537184804266 0.01936494056801996 0.03184757081559764
2 0.5965692620999505 0.5198631937801897 0.021659988778997885 0.03858653861637151
2 0.6021524446846818 0.5527030992439541 0.020262356161174888 0.03662653226392132
2 0.6292256006363788 0.4979580268305136 0.01906592169238097 0.03025522086101623
2 0.6323642255723125 0.5239961907273716 0.019565959233930452 0.02743530997285315
2 0.637300011334664 0.5502804786931517 0.018266506308954655 0.03148087021001855
1 0.6702207054487521 0.4707297743120439 0.02436173360201288 0.020077590709679738
1 0.6787999924519216 0.5008762722122002 0.02795623473796649 0.0227709982732876
1 0.6825881643672246 0.5241572989870276 0.029353867355789598 0.02473100462573774
1 0.6876244594625311 0.5478687559258564 0.026058564578593568 0.02363090280900071
