1 0.9126227278541466 0.5802005078626167 0.10709015371002961 0.062017750501903834
1 0.7414596574027232 0.6127295391882273 0.09740726729392868 0.05103604563036235
1 0.9234363888366031 0.6494356157237587 0.11050335526521271 0.05626472960759643
1 0.7648327624144317 0.6790423529867802 0.10009145334972058 0.06257214836669911
1 0.7804015569223616 0.7459539638778603 0.09794391123596036 0.05334243554500706
1 0.9472598281077667 0.7119938464686775 0.09794391123595991 0.053342435545007394
1 0.959171900333693 0.7783223829349437 0.08165619933261392 0.05678906652466953
1 0.7989328966108087 0.808527917290492 0.09991915609977864 0.05162050444288002
1 0.812709102773782 0.8734253676731859 0.09740726729392846 0.05103604563036268
1 0.9553843954615123 0.8484485172948719 0.08923120907697535 0.06549444242928859
1 0.9644247371184025 0.9118991589262804 0.07115052576319503 0.05740358628490949
1 0.8179620200872946 0.9415216188570146 0.09399406573874514 0.05678906652466953
1 0.8359567158337099 0.9894355816242142 0.09382144637359224 0.02112883675157151
1 0.9709533510270478 0.9753474099375637 0.05809329794590423 0.049305180124872505
0 0.48632614022466497 0.9711424549227787 0.15230415221533733 0.05771509015444243
1 0.7865405409272946 0.5219767451625097 0.120723529853767 0.06955559316919069
