2 0.4398325424122328 0.3514953697433941 0.09074162685069725 0.08001452234589634
2 0.43495196955959964 0.42126066469799645 0.08544545987186347 0.07807559834983502
2 0.42864988217964506 0.4892098553327372 0.0823569289492403 0.07321499531785153
2 0.422417399964527 0.5502169649248199 0.07762392280543906 0.0680913025101374
2 0.4212689580354435 0.6103511344445636 0.08821625676310635 0.07196915050225972
2 0.41944593187837714 0.6692898618159225 0.07710478217436101 0.06145851719406892
2 0.413956651976114 0.7245502772339791 0.07453539188281572 0.06323069947815374
2 0.40532508793413624 0.7784770511224179 0.08440619152974299 0.06480986980066572
2 0.40693592469551293 0.8300832754487764 0.07160622151586504 0.06385370084446607
2 0.4081704452340137 0.8781954352368919 0.07802772308479888 0.059422929300189
1 0.27411527955154247 0.7103515489122632 0.09564873965038684 0.04586768280866016
1 0.2659249218308289 0.7544628946710308 0.09765398202693501 0.047280111419195636
1 0.26588558122461403 0.7996095560247272 0.11606785305102693 0.0611422552510158
1 0.2689085023804151 0.840297061420436 0.11791570903183193 0.057071395297320304
1 0.2601188677429688 0.882638350893169 0.12192718086489296 0.05989641043542404
2 0.6018129173069133 0.6557709224986058 0.10130567378459043 0.04895594563952632
2 0.5962483300933998 0.7116059520543125 0.10495637846228145 0.050631621942824556
2 0.596962609012902 0.7637407977642465 0.09929944432807769 0.047543359111958394
2 0.589154269661478 0.8177136749662648 0.1016664409399608 0.050105284474331824
2 0.5768564518743033 0.8679621369014012 0.1018678475396585 0.04577101891084123
1 0.5963061768801048 0.5958428722863924 0.12839270263778124 0.045648084763425634
0 0.5993485912963608 0.56591401454763 0.1300371778589593 0.04591117453915616
0 0.601696574138874 0.5093200128797082 0.143198902108172 0.04801684024719355
2 0.5740558418177298 0.44757355409874655 0.06579091390595337 0.055281991532336094
2 0.5811952990875846 0.39877270165335177 0.07253014950626768 0.06181827086761815
1 0.27784508222985804 0.6046342480026534 0.11286496885665023 0.04098065161004727
1 0.28327045911369786 0.5626833805322631 0.10993481140973482 0.041603495059327034
1 0.2811440957997716 0.5214672537529788 0.10977643793402708 0.036120048578063724
1 0.281634072860148 0.4792399875201221 0.09841953654162974 0.0397612349610848
1 0.2802509118590766 0.4322771665668116 0.10700564104278423 0.04222649642563919
1 0.2852989854400756 0.38683217927842617 0.10572094589701161 0.04311258756768149
2 0.741099760058056 0.34752939584610665 0.0867008809138976 0.04225292459226826
2 0.7406935333618627 0.40191681591207173 0.0925602087277636 0.04100707977667639
2 0.7301945334048505 0.4574755019850646 0.08818796973933252 0.037032725803767486
2 0.7202157750668365 0.5090115021362394 0.08160710761472612 0.03597989294974885
2 0.7130010104857316 0.5583869687192842 0.07338177026894166 0.03466397031999968
2 0.7077299762108761 0.6055559642598773 0.07502624549011983 0.03492706009573021
2 0.6943812579728423 0.6511149195083866 0.0660793738335953 0.03131245979637054
2 0.6864138609459851 0.6935022570149467 0.07759563578166506 0.03315487781164539
2 0.6828616221235932 0.7401886792057908 0.07703247494663257 0.03633964662329825
2 0.6791550406922169 0.7816569733264324 0.07302100311357151 0.033514631485194624
2 0.5924768419636663 0.2923206600526363 0.0976539820269351 0.047280111419195636
