2 0.4684023174029781 0.24350973908700246 0.14979342720341382 0.06237575879686352
0 0.6371190728119427 0.3299842252095158 0.14373474576941203 0.05681197001421612
2 0.4598755868144831 0.3248541664427075 0.16508658110357388 0.0595691442330219
2 0.3080700703938301 0.3452057890105916 0.11938005041565602 0.054862391813235656
3 0.6991070379512729 0.14836414103637038 0.16474983840834023 0.05115816159888703
2 0.4953870638059612 0.41695884025902147 0.08142799046673765 0.06311054826434526
1 0.44547616713302407 0.46124950416007016 0.11411482398987033 0.04581499136924905
1 0.4292154085885218 0.5320822912293437 0.09627650788274472 0.03753473491355208
1 0.4328335070650833 0.6010426735476199 0.10290078091829441 0.04556227281165248
2 0.33792133133078883 0.5393193189338465 0.05707329511298176 0.06116097006336485
2 0.3115767274181602 0.6025080128410542 0.04354195324110838 0.043874019709437606
2 0.29887838258038535 0.6541407382596467 0.041333533729376315 0.04119813132403394
2 0.2951256764935798 0.6999524621802455 0.037766067607880593 0.039542105484516976
2 0.28055664033895267 0.7450016635284151 0.036123239697696485 0.03932996621456597
2 0.2773695258536951 0.7883496383335606 0.03969169131883854 0.04098611931219387
2 0.27270943305533957 0.8270680341689032 0.03963675892473262 0.03380688397767495
1 0.4541210575513305 0.6703821337022908 0.08234240059234865 0.03932148693150739
1 0.44405532592644825 0.7179154374387914 0.07543533175602501 0.030062074475680545
1 0.44562783107430304 0.7663173970117516 0.08421309190920084 0.03358626542466581
1 0.4334076268321486 0.808498923977445 0.0795683894790688 0.034181849430650724
1 0.4237925696058342 0.8503826589401459 0.08013398108061665 0.03664559854610361
2 0.6457143163748298 0.46934887641563494 0.08097127815375538 0.0750051425598195
0 0.6191615394627967 0.4082082596251483 0.15987628707189394 0.05770097912355404
1 0.6520454556561506 0.5228046934982995 0.09904953349637835 0.04267424515629836
1 0.6362903039043216 0.5803846524355741 0.09140295654629838 0.04407755243821909
1 0.6230263674649987 0.6344811269696198 0.09519927157410857 0.039786344759054626
1 0.6216559974021336 0.6920160124614982 0.09548206737488252 0.041018219316780846
1 0.6081092651620368 0.7473443615532706 0.1015407488088843 0.04658200809942836
1 0.6080124617023008 0.7993359387934902 0.09882167008971043 0.04862160593309062
1 0.5994197083905166 0.8514988214997938 0.10097515720733641 0.04411825898397559
1 0.5937148978953464 0.9021320376453783 0.09134900965183868 0.03689844436181067
