3 0.27846997964635156 0.16070251260255863 0.10272617471623147 0.06602210454123641
3 0.27917624763831544 0.20000900803203814 0.09850091550775295 0.06183018723480427
3 0.2801243766018957 0.24367295717625437 0.09555995400259149 0.06054382006535863
3 0.3733097558549384 0.27444268964853935 0.10272617471623091 0.06602210454123619
3 0.3740966119226452 0.3152010886557691 0.10566713622139162 0.06730847171068172
3 0.37496415281048223 0.3574131342222351 0.10401047241954853 0.0689276546782226
3 0.28230112534644003 0.2828900406088819 0.07919848267494464 0.05573116718567056
3 0.28030829280485925 0.3267328137468025 0.08213944418010538 0.057017534355116195
3 0.28117583369269683 0.3689448593132685 0.08379610798194842 0.05539835138757587
3 0.18307264693159048 0.24957414896850588 0.08967803099227029 0.05797108572646725
0 0.20688425491885545 0.3064229258633828 0.09555995400259137 0.06054382006535869
2 0.17842276883082775 0.35187511494464496 0.05840427417442379 0.06772585061018549
2 0.17993520781338238 0.4057058750960839 0.06006093797626716 0.06610666764264483
2 0.17874854626239195 0.4640729129559641 0.06813831987016128 0.07901349237854999
2 0.18058353103669356 0.5237147733813755 0.06391306066168298 0.07482157507211795
2 0.2703408017127498 0.4395582387175737 0.05877741069748632 0.06320286048714469
2 0.2685092420670424 0.4863065619924806 0.05914977679601216 0.058678127382617906
2 0.2711697127548188 0.5342385528545808 0.05711997647110617 0.06482030047319942
1 0.38521888823277695 0.40925551881481 0.06909130045614514 0.04896651554034681
1 0.39571548462668765 0.4654553571221216 0.07919848267494467 0.055731167185670616
1 0.39658292877013646 0.5076656597071016 0.08342374188342383 0.059923084492102485
1 0.40047201923887715 0.5511507848576134 0.0746008573679402 0.056063982983764915
