2 0.364375 0.0925 0.06125000000000003 0.04166700000000001
2 0.365625 0.18083300000000002 0.06375000000000003 0.035
2 0.36875 0.265 0.057499999999999996 0.03666700000000003
2 0.37250000000000005 0.346667 0.06 0.036667000000000005
2 0.374375 0.42249999999999993 0.06125000000000003 0.03499999999999992
2 0.3787499999999999 0.495 0.05499999999999999 0.03333300000000006
2 0.384375 0.56 0.05624999999999997 0.033332999999999946
2 0.3875 0.6258330000000001 0.057499999999999996 0.031667
2 0.390625 0.688333 0.05125000000000002 0.030000000000000027
2 0.390625 0.7508330000000001 0.05625000000000002 0.031667
2 0.6025 0.8899999999999999 0.04249999999999998 0.06666699999999992
2 0.60375 0.816667 0.04249999999999998 0.06333299999999997
2 0.6087500000000001 0.745833 0.04500000000000004 0.06499999999999995
2 0.60875 0.673333 0.050000000000000044 0.07666700000000004
2 0.613125 0.59 0.053749999999999964 0.07666700000000004
2 0.6168749999999998 0.5075 0.04874999999999996 0.07833299999999999
2 0.619375 0.421667 0.04875000000000007 0.09333300000000005
2 0.6231250000000002 0.3225 0.05625000000000002 0.09499999999999997
2 0.6243750000000001 0.225 0.05625000000000013 0.10666700000000001
2 0.6262499999999999 0.1175 0.057499999999999885 0.11166700000000002
2 0.5075 0.17166699999999996 0.0475000000000001 0.063333
2 0.50875 0.256667 0.044999999999999984 0.07666699999999999
2 0.49875 0.10666700000000001 0.07250000000000001 0.046667000000000014
0 0.479375 0.3475 0.10375000000000001 0.03500000000000003
0 0.4774999999999999 0.43916700000000003 0.1075000000000001 0.04833300000000007
1 0.478125 0.485 0.09875000000000006 0.03333300000000006
2 0.47 0.571667 0.08000000000000002 0.050000000000000044
2 0.47062500000000007 0.6499999999999999 0.07375000000000004 0.043332999999999955
2 0.47 0.728333 0.07249999999999995 0.040000000000000036
2 0.47 0.798333 0.07249999999999995 0.040000000000000036
2 0.470625 0.8725 0.06874999999999998 0.04833299999999996
1 0.721875 0.655 0.06375000000000008 0.046667000000000014
1 0.7181249999999999 0.7158330000000002 0.06874999999999998 0.04500000000000004
1 0.7106249999999998 0.7808330000000001 0.07874999999999999 0.05166700000000002
1 0.7093750000000001 0.838333 0.07625000000000004 0.05666700000000002
1 0.70875 0.8966670000000001 0.07250000000000001 0.056667000000000134
1 0.72875 0.186667 0.07750000000000001 0.033333
1 0.725 0.254167 0.07250000000000001 0.03166700000000003
1 0.721875 0.319167 0.06874999999999998 0.038333000000000006
1 0.715625 0.38250000000000006 0.07374999999999998 0.038333000000000006
1 0.7125 0.44500000000000006 0.07000000000000006 0.033333
1 0.7131250000000001 0.505 0.07625000000000015 0.030000000000000027
