2 0.8380063355044629 0.5146131474172198 0.2753144416680974 0.15099727998752577
2 0.8810729689248429 0.9007548599782775 0.23513160686810874 0.15189175764296559
2 0.6024614253935345 0.9882664522669311 0.08323167381251106 0.023467095466137677
2 0.5955876026733855 0.9509408995318993 0.09502949881069767 0.07965425508794077
2 0.5780630119300723 0.8891219972008317 0.09955794148951869 0.0718573636675559
2 0.567415520356952 0.8255403622183346 0.09041556220928015 0.07526752443868745
2 0.5514538608978915 0.7594755339084153 0.09398719169765091 0.08192204766349431
2 0.4383595886105486 0.9200584917966657 0.04938394053086026 0.05533767356493213
2 0.42067570546393274 0.8609294583912772 0.05865244315372348 0.0702026082371785
2 0.4020457459362602 0.7919595292343504 0.07886998389634214 0.08803046485283617
2 0.3780802450419985 0.7171792295528681 0.07846696393777575 0.0806642061056485
2 0.35164848344372546 0.6434583144929658 0.08597049591178507 0.09524770026763074
2 0.3110548657030733 0.9003913549149399 0.05146855475695439 0.05080208841382561
2 0.30139513870167267 0.853305138908788 0.06594647540378229 0.054327722547224844
2 0.29418135769426945 0.8018321922533826 0.0684757977791059 0.06325003834758502
2 0.2664517658476565 0.74630338906286 0.05893039854030063 0.059293940371528686
1 0.10895865074890645 0.7014747954370981 0.07853436082976722 0.039296989557522255
1 0.10705142595672001 0.7630616908617744 0.07966004432414044 0.049212481390527474
1 0.13066844943374262 0.810586758203115 0.08739878472342871 0.046795496652040636
1 0.14365501959761465 0.8531457765506916 0.07966004432414044 0.049212481390527474
0 0.47448676657305666 0.6831550608075074 0.16918513146432623 0.09756403509574085
0 0.278273333317275 0.5765568296240107 0.14042175163465115 0.06742047689365405
0 0.46080651802475037 0.5307973378185875 0.14784190722733442 0.06982068664707802
3 0.1292461086856729 0.3338737351959351 0.1159526648291533 0.04648067500219144
3 0.256722978347115 0.3248703873547486 0.14069864825059314 0.05651164019746424
3 0.1483336307132392 0.39144671154815114 0.11735524493946854 0.04548733013900663
3 0.2742475690904284 0.3866892896858162 0.12974961013083763 0.05354871825405266
3 0.1742779372009845 0.4439296092212641 0.11491035771610626 0.048748467577744814
3 0.2919325110076794 0.4458181542606646 0.11070049984389038 0.05172816450621914
3 0.4464409589106211 0.437833313760257 0.1223722014994526 0.057240319535448114
3 0.19542869997399565 0.4925140611841846 0.0937349450124019 0.04537185677673894
