2 0.45708098892043103 0.7280794661243775 0.010200214553387987 0.017957870061245162
2 0.4801869962160816 0.7301619014949489 0.01144100384866864 0.0181598246203436
1 0.526337990577169 0.7418705000244532 0.019369138732647118 0.011300916144536877
1 0.5268359812461755 0.7570629034064704 0.01564677084680488 0.01069505246724145
1 0.5274096745816601 0.7714284448021123 0.01673615480912949 0.00924328305358968
1 0.525501789326583 0.7853900770795574 0.01812834943736641 0.011098961585438438
0 0.4660113219446642 0.699310295833131 0.019520634945154824 0.012955632748723356
0 0.48380456920157194 0.7181579176603381 0.020609928027927826 0.011502870703635426
0 0.46372474159809374 0.717408223305324 0.020761424240435644 0.013157587307821683
4 0.7232068876334259 0.18708941727903103 0.29595509032655964 0.1752896807427507
