1 0.38242431384034975 0.0284803154494939 0.13005383049397268 0.0569606308989878
1 0.25986453317562774 0.06633944749174994 0.13685861293881468 0.08383740044525846
1 0.3721086739399127 0.10633589405789982 0.12505809221915642 0.1397168074328737
1 0.37161159852294023 0.2144232004775118 0.11027167003421107 0.13112608734322773
1 0.2565879542500062 0.17583011155626407 0.13909923254892353 0.08135385356741925
1 0.34625851459016765 0.3261376183409367 0.1290314393839716 0.13174926030816753
1 0.22967670657849446 0.29799973000553726 0.14114401476892596 0.09335815217089388
1 0.34713734675575003 0.4342734854527398 0.1255692877741567 0.14271788208374253
1 0.23320320753422347 0.41223486780346097 0.1346163415789069 0.08632063668217721
1 0.3313147730254961 0.5523300940555405 0.1185304190291373 0.13267929194415712
1 0.22447176796626656 0.5185300978560425 0.14786917709885075 0.08590813281921633
1 0.3211553526875029 0.6615778380667989 0.12352450555415462 0.13071358348026785
1 0.2142342378470514 0.6322794538436043 0.13032928799899662 0.07679957431562212
1 0.31935882771939866 0.7651149135217676 0.12301330999915416 0.12771250882939922
1 0.19986733323037298 0.7458830694584423 0.12859986394388845 0.08228419584432922
1 0.5854758329118844 0.351096470538678 0.10649581200930136 0.12460609962754099
1 0.47998269884146905 0.3188455723568059 0.13461634157890684 0.08632063668217765
1 0.5823554735487069 0.45158391065058623 0.12179508149904639 0.13619820500897634
1 0.4713310208045329 0.4206392487292334 0.1408303083538308 0.0758695426796317
1 0.5654173581733049 0.5545865853068518 0.11098035472911705 0.11963962715370363
1 0.4586524628952971 0.5162849771310511 0.12431281036397823 0.07276313347777374
1 0.5624792549663115 0.6445702641407196 0.10067682351418883 0.10608212394929939
1 0.4583359918847101 0.6138684639764737 0.1396104281039241 0.08435492821828805
1 0.5595915731970005 0.7315528100275704 0.10445102978929921 0.11260180102406636
1 0.44976242362899566 0.7111605283725985 0.13186287466399865 0.0858027982682279
1 0.5632315475415475 0.0455157715586373 0.14735798154384994 0.08290705816834845
1 0.5374374932649829 0.1827393822505944 0.17417901074863118 0.09957097057461023
2 0.7088687845763073 0.22482475472706515 0.06335477395457279 0.09034824317902831
2 0.7055140958694637 0.33881703076788244 0.05855652481966256 0.0778261061616039
2 0.6885499439003209 0.44332024274958254 0.06335477395457345 0.09034824317902801
2 0.7048307324106073 0.536985137405745 0.0650858497594804 0.08486393229124012
2 0.6933978991152232 0.6401821131269259 0.0618211872895712 0.0813450192264219
2 0.6836550642770803 0.7254212599312353 0.06028760062456984 0.0723417952738159
2 0.6917344721080777 0.10110061116617364 0.09497405229426548 0.1195342926027137
