2 0.7411337919880453 0.08718459928823252 0.12637489787903022 0.0617905177682962
1 0.7251015294496859 0.251601720505367 0.11304087838506127 0.07280362759566544
3 0.7794960444280179 0.392851141740466 0.16024549698742463 0.0800570292018099
1 0.7052724522473757 0.47527528987271866 0.09498397419089188 0.06365725648265996
1 0.7043210547221502 0.585890056268326 0.09480110333165759 0.04801847589663277
1 0.6854041884323725 0.6955976919716353 0.10377797984389503 0.048123446300942896
1 0.6798605282492568 0.797328489647853 0.09936724158108556 0.05477328776327006
1 0.6752830727194945 0.8856414871093106 0.1016379217336455 0.057033645812830436
1 0.6753095955876995 0.9788560876652351 0.0948533521485816 0.04228782466952974
1 0.9715345942094478 0.48212735966668063 0.05693081158110436 0.03435138868450621
3 0.9529675908181916 0.3851403185496802 0.09406481836361669 0.05043628168027198
1 0.9577550514637657 0.2477424605438681 0.08448989707246857 0.05687619807875194
2 0.9860795103893663 0.13329106828134157 0.02784097922126738 0.11909017841743338
1 0.9664858894792534 0.5839368812099375 0.0670282210414932 0.04546946891618575
1 0.9513308587738862 0.6924880992235822 0.07460414102723911 0.047782304295514555
1 0.9400994557013702 0.787582155088948 0.05897331697224839 0.05430094456103407
1 0.9378697070854003 0.8848053678070662 0.06140074357558001 0.0699659716843325
1 0.9289076377012905 0.9718537753416098 0.07269920259314788 0.05629244931678046
2 0.48485620226572773 0.6275586488084212 0.12243574543269153 0.10865438219660972
2 0.47717248397236256 0.7382521390710681 0.1223573722073053 0.10195204765974109
2 0.4749035487436994 0.8321241845207519 0.11129403286589634 0.11522551553667104
2 0.47392737327416523 0.9386533935551185 0.11142465490820674 0.1226932128897632
0 0.49616732502778327 0.5391669117351511 0.15147896220703722 0.09782496664058948
0 0.49359446925401307 0.41518685394409904 0.15353930062774684 0.0822124168470601
0 0.4990858806202047 0.3089878332433025 0.1307072629164533 0.04843834176910028
2 0.44365984996736424 0.1755709334422394 0.1084747401356333 0.06604881572902829
1 0.2649263960461463 0.05365079584568514 0.07259470495929976 0.06786306136885047
1 0.26261827420479 0.14417167402693465 0.07481313629493508 0.06565519639383159
1 0.26813795336308327 0.2323666014326064 0.07483926070339728 0.06788930790612133
1 0.47358915324578027 0.04785918869903161 0.0678195714421751 0.043235357403896134
1 0.5959709049376511 0.05313137823294384 0.06108725067403564 0.043156633536856844
