1 0.374375 0.4375 0.04125000000000001 0.031666999999999945
1 0.37187499999999996 0.4774999999999999 0.03875000000000001 0.031667000000000056
1 0.3700000000000001 0.5125 0.03750000000000003 0.03500000000000003
1 0.37124999999999997 0.549167 0.034999999999999976 0.031667
1 0.3700000000000001 0.579167 0.03750000000000003 0.031667
1 0.3668749999999999 0.616667 0.036250000000000115 0.03333300000000006
1 0.36562499999999987 0.648333 0.03375000000000011 0.033332999999999946
1 0.3668749999999999 0.683333 0.03375000000000006 0.036667000000000005
1 0.365 0.716667 0.03749999999999992 0.03333300000000006
1 0.3625 0.7491670000000001 0.03500000000000003 0.031667
1 0.363125 0.785833 0.03375000000000006 0.03833299999999995
1 0.45625000000000004 0.470833 0.03249999999999992 0.025000000000000022
1 0.45375 0.515833 0.030000000000000027 0.021666999999999992
1 0.45062500000000005 0.56 0.028750000000000053 0.036667000000000005
1 0.449375 0.6025 0.03125 0.028333000000000053
2 0.524375 0.485 0.053750000000000075 0.03666700000000006
2 0.525 0.526667 0.05249999999999999 0.043332999999999955
2 0.52125 0.57 0.05500000000000005 0.03333300000000006
2 0.5175 0.605 0.052499999999999936 0.033332999999999946
0 0.520625 0.45500000000000007 0.06624999999999992 0.016667000000000043
1 0.634375 0.538333 0.02124999999999999 0.01333300000000004
1 0.634375 0.565 0.02124999999999999 0.01333300000000004
1 0.6325000000000001 0.595 0.022500000000000075 0.020000000000000018
1 0.6299999999999999 0.621667 0.025000000000000022 0.023333000000000048
1 0.62375 0.643333 0.022499999999999964 0.016666999999999987
1 0.6725 0.538333 0.020000000000000018 0.01333300000000004
1 0.670625 0.563333 0.02124999999999999 0.016666999999999987
1 0.68875 0.593333 0.025000000000000022 0.023333000000000048
1 0.6856249999999999 0.619167 0.02375000000000005 0.021666999999999992
1 0.6637500000000001 0.640833 0.019999999999999907 0.015000000000000013
3 0.48250000000000004 0.404167 0.04249999999999998 0.015000000000000013
