2 0.49583333333333335 0.5597216666666667 0.20277777777777778 0.0916666666666669
2 0.4972222222222221 0.6666666666666665 0.17777777777777803 0.10555499999999995
2 0.49444444444444446 0.7680549999999999 0.18888888888888888 0.09722166666666665
2 0.4847222222222223 0.8722216666666666 0.1861111111111109 0.09444500000000011
2 0.24861111111111112 0.5583333333333333 0.18611111111111112 0.09444500000000011
2 0.2375 0.6611116666666668 0.18611111111111112 0.09444500000000011
2 0.2361111111111111 0.7666666666666666 0.19444444444444411 0.09444500000000022
2 0.22638888888888886 0.8652783333333333 0.20833333333333334 0.09166666666666656
1 0.01388888888888889 0.5388883333333334 0.02777777777777778 0.04444500000000007
1 0.01388888888888889 0.6458333333333335 0.02777777777777778 0.05833333333333346
1 0.01388888888888889 0.8583333333333333 0.02777777777777778 0.0555549999999998
