1 0.6049627868806087 0.11243799617383993 0.09671642652459611 0.07334605093815755
1 0.6266222065091929 0.3002210185836633 0.10611335679512457 0.05369355012145782
1 0.6225015188570109 0.20811505189584134 0.10399369326580199 0.07210810499244577
1 0.6239961011539656 0.3900729428556241 0.09697509756305511 0.054772532305834065
1 0.6347858087170941 0.4834961467657952 0.09395672697665769 0.08426768909329385
1 0.627559900260408 0.5633630474721012 0.11717060838010906 0.0750932227826212
1 0.6400483599038815 0.6547542490460039 0.10351366625184 0.06648841745555722
1 0.6477792388471065 0.7342870072712584 0.10245495019011108 0.07569579019306638
1 0.7794635708861174 0.33528136375397943 0.08799796303857232 0.057724838971188075
1 0.7719976489224503 0.412338420691841 0.05898532670168921 0.042229684338717766
1 0.7697902236103362 0.4851725091958307 0.06196526652219825 0.055501157050778294
1 0.7664627352656446 0.5448939934470802 0.07790076548151148 0.04756454138380206
1 0.7683432968526711 0.6107747516294222 0.06494409063977502 0.06877253446082376
1 0.4702783899966744 0.1145080921017301 0.11467069557356208 0.0674414376074493
1 0.48717708595446063 0.20269223110788004 0.08455979670612929 0.10392018990999366
1 0.49142822482880444 0.28535257002021946 0.07462260815372246 0.09563312150157047
1 0.4903408625492681 0.37129926277694936 0.07260272236113735 0.09360102386328711
1 0.5050892214923076 0.4672146688389394 0.10745366010027252 0.09099926524139501
1 0.5030418051848475 0.541921986521892 0.09587683503250516 0.10674643924084848
1 0.5088328028378144 0.6206769986169853 0.1103722529499328 0.08195076096320597
1 0.5085148120961238 0.7046710756160999 0.1071336420909646 0.08725280688346926
2 0.6058101356531639 0.043011874658809235 0.08817977254525378 0.08602374931761847
2 0.49126101831836694 0.04364979912546084 0.11113386720731377 0.08729959825092168
2 0.8789640845029778 0.217342124893185 0.045229722539615325 0.05407162682294045
2 0.8767566591908635 0.29017621339717475 0.05160828222374614 0.0639142827937006
2 0.8695000772487529 0.3587243524510509 0.055006902087368026 0.06048546605240057
2 0.8699712312793182 0.41906480967515636 0.05506713335528435 0.08280534774063464
2 0.8707635190221237 0.48315162995517275 0.06712398543701381 0.07267786127806974
2 0.8656561583918279 0.543968597255224 0.06898386222494501 0.0728367297373902
1 0.7973851391820421 0.2271408466435143 0.10829213588943132 0.05759878163668866
1 0.8019215680450352 0.12674781154726925 0.1154105093289155 0.05448770181402933
1 0.7947409360700177 0.025482004980159057 0.1196091742158073 0.050964009960318114
