1 0.01421188630490956 0.18217054263565888 0.02842377260981912 0.049096124031007715
1 0.0103359173126615 0.24418604651162784 0.020671834625323 0.04909612403100774
1 0.007751937984496198 0.29844961240310064 0.015503875968992395 0.054263565891472854
1 0.00775193798449605 0.3552976744186045 0.0155038759689921 0.04909612403100777
1 0.007751937984496198 0.4018093023255814 0.015503875968992395 0.049096124031007826
1 0.15503875968992253 0.23384961240310076 0.06718346253229959 0.038759689922480606
1 0.14987080103359174 0.3036170542635658 0.062015503875969005 0.033592248062015495
1 0.14341085271317838 0.37209302325581406 0.05943152454780379 0.05684806201550391
1 0.14082687338501293 0.4379844961240312 0.06459948320413436 0.04392713178294583
2 0.2958656330749353 0.255813953488372 0.11111111111111124 0.056848062015503936
2 0.2971576227390181 0.32041395348837204 0.10852713178294571 0.06718294573643413
2 0.28940568475452205 0.3875968992248061 0.11369509043927661 0.0516790697674418
2 0.28165374677002575 0.4418604651162789 0.1085271317829456 0.05167906976744174
0 0.2881136950904394 0.20930232558139542 0.13695090439276472 0.025840310077519357
1 0.5232558139534884 0.3385007751937984 0.043927648578811374 0.02067131782945736
1 0.5232558139534884 0.37984496124031 0.043927648578811374 0.02067131782945736
1 0.5193798449612403 0.4263565891472868 0.046511627906976716 0.031007751937984496
1 0.5142118863049094 0.4677007751937984 0.05167958656330762 0.036175193798449634
1 0.5012919896640828 0.5012914728682172 0.046511627906976494 0.025840310077519413
1 0.6020671834625323 0.3385007751937984 0.04134366925064592 0.02067131782945736
1 0.5981912144702842 0.377260465116279 0.043927648578811374 0.025840310077519413
1 0.6356589147286822 0.42377209302325575 0.05167958656330751 0.0361751937984498
1 0.6291989664082687 0.4638248062015503 0.04909560723514217 0.03359224806201544
1 0.5839793281653747 0.49741550387596906 0.04134366925064592 0.023255813953488524
3 0.20930232558139542 0.13049147286821708 0.08785529715762258 0.023255813953488372
