1 0.3507306889352818 0.27035448851774535 0.08350730688935293 0.03966638830897706
1 0.49373695198329864 0.2724425887265135 0.08141962421711912 0.03549018789144048
1 0.6346555323590813 0.2661795407098121 0.07515657620041738 0.02714029227557413
1 0.4979123173277662 0.33402964509394567 0.08559498956158662 0.029227139874739017
1 0.62839248434238 0.3277665970772443 0.07515657620041749 0.037578288100208745
1 0.62839248434238 0.3883089770354905 0.07515657620041749 0.02922713987473896
1 0.49060542797494777 0.3924839248434237 0.07515657620041738 0.029227139874739017
1 0.3517745302713987 0.39770354906054284 0.07306889352818374 0.02714029227557413
1 0.3496868475991649 0.45824592901878924 0.07724425887265135 0.031315240083507334
1 0.488517745302714 0.4530275574112735 0.07098121085594988 0.03340334029227565
1 0.6252609603340291 0.4457198329853862 0.0772442588726513 0.02714029227557435
1 0.626304801670146 0.5041753653444676 0.0751565762004176 0.027140292275574074
1 0.5 0.5135699373695198 0.08559498956158662 0.03757828810020891
1 0.3538622129436326 0.5187895615866389 0.08141962421711907 0.03131524008350739
1 0.36325678496868474 0.5793319415448851 0.07515657620041755 0.02714029227557413
1 0.5 0.5709807933194154 0.08141962421711901 0.03131524008350728
1 0.6346555323590815 0.5636743215031315 0.07098121085594988 0.03340334029227554
1 0.6315240083507307 0.6189983298538624 0.07306889352818358 0.022964091858037716
1 0.5020876826722338 0.6283929018789144 0.08141962421711912 0.025052192066805867
1 0.3674321503131524 0.6325678496868476 0.07933194154488521 0.029227139874739128
1 0.3663883089770356 0.6910233820459291 0.0730688935281838 0.03340334029227565
1 0.5031315240083507 0.6837156576200418 0.07515657620041755 0.03131524008350728
1 0.6367432150313153 0.6826722338204592 0.0751565762004176 0.03340334029227565
1 0.37056367432150317 0.7432146137787057 0.06889352818371602 0.025052192066805756
1 0.5073068893528183 0.7411277661795407 0.07515657620041755 0.029227139874739017
1 0.6356993736951982 0.7359081419624216 0.07306889352818358 0.02714029227557413
1 0.6356993736951982 0.7901874739039667 0.07306889352818358 0.022964091858037494
1 0.5062630480167016 0.792275574112735 0.07306889352818369 0.022964091858037494
1 0.37787056367432154 0.7985386221294362 0.07933194154488521 0.02714029227557402
2 0.8162839248434238 0.7286016701461377 0.050104384133611735 0.07098162839248445
2 0.8110647181628392 0.7954070981210857 0.04801670146137804 0.05845553235908152
2 0.9331941544885178 0.5803753653444677 0.050104384133611624 0.06263048016701467
2 0.9331941544885178 0.6482254697286012 0.050104384133611624 0.060542379958246295
2 0.9269311064718164 0.7192070981210856 0.050104384133611624 0.05636743215031326
2 0.9269311064718164 0.7881006263048018 0.045929018789144016 0.056367432150313146
1 0.9874739039665972 0.698329853862213 0.025052192066805645 0.03131524008350728
1 0.9843423799582464 0.7713983298538621 0.03131524008350728 0.02714029227557413
0 0.9029227557411273 0.5292275574112736 0.1189979123173277 0.03549018789144065
1 0.5824634655532358 0.19728601252609604 0.09185803757828803 0.03966638830897706
