2 0.40511532190670463 0.2863738179131322 0.14388272398992924 0.0631858158543836
2 0.39749301308391427 0.3588343540150728 0.17521246454746492 0.08559246118081293
2 0.4047897403952009 0.4249052439439507 0.16528480251407912 0.08469198426002877
0 0.3937043954236913 0.5071232016625825 0.20415620817481667 0.05275635553253433
0 0.3974921269968538 0.5722532627949848 0.2008473184190892 0.05245622657483706
2 0.4301154153937814 0.6183994229057796 0.1560115518296763 0.0777368280710733
2 0.42472895650753606 0.6786956316101839 0.1583199116734213 0.0718321682579044
2 0.4322788904368094 0.7359297978048467 0.1579196997086284 0.0693502527495582
2 0.4418104749184378 0.7898364503838803 0.14864644902422552 0.06239509656060238
2 0.44843338160913193 0.8465251474289578 0.14468314791951525 0.0681496468710765
1 0.2152527860873746 0.8840439251018347 0.09349709052900451 0.043941957655386554
1 0.20549454530555475 0.8339351555128222 0.09500601920936697 0.033073556873217
1 0.2008992487566206 0.7846171952652825 0.09480591322697057 0.03183259911904379
1 0.19402214268173673 0.7367653120021123 0.0875327296003292 0.03728693042412823
1 0.18105407236918436 0.6875772402955757 0.09335107794840158 0.03292344737052244
1 0.16821359813182837 0.6339707166742394 0.09269666659941861 0.03897812663869382
1 0.1664269263826306 0.5812502330835694 0.09851501494749088 0.03461464358508759
3 0.10156627946119781 0.5329916921734368 0.15557252132166394 0.04468120716878832
1 0.1750456307043678 0.45770544074433056 0.10773516499630363 0.051347442352426276
0 0.11702227854839609 0.42582469083033775 0.17046401437174252 0.04603192254996469
0 0.1466735341603211 0.37025266697462045 0.23664776608351207 0.052035041990064757
