2 0.40608476024547946 0.8712627505343922 0.015763248995420975 0.02132447865804088
2 0.441399029694429 0.8651824714569614 0.017697003821935564 0.0215470190399506
1 0.5139898716758511 0.8617465906061792 0.03011973819501146 0.013220860731963158
1 0.5188754683157295 0.8790893887857176 0.024318473715466804 0.012553239586233667
1 0.5236497634604513 0.8954505459592059 0.026029625551668767 0.010799940554303888
1 0.5245822345576853 0.9122567838965141 0.02818598336849676 0.012998320350053216
0 0.4116808631556738 0.8347968311200369 0.03034247480056551 0.015197886123842319
0 0.4435706632383647 0.8500068833994723 0.0320534930215266 0.013443401113872766
0 0.4131701089591721 0.8565136309687624 0.03227622962708043 0.015420426505751483
4 0.6589847889646159 0.149490266419656 0.46019983650885693 0.20513889259487833
