1 0.40749999999999986 0.47416699999999995 0.055000000000000104 0.031667
1 0.40312499999999996 0.53 0.053749999999999964 0.030000000000000027
1 0.40187500000000004 0.5841670000000001 0.04874999999999996 0.028333000000000053
1 0.39187500000000003 0.641667 0.04874999999999996 0.030000000000000027
1 0.38749999999999996 0.6975 0.05250000000000005 0.028333000000000053
1 0.3818750000000001 0.7525 0.048749999999999905 0.028333000000000053
1 0.37687499999999996 0.806667 0.05125000000000007 0.026666999999999996
1 0.37187499999999984 0.859167 0.04625000000000007 0.028333000000000053
1 0.484375 0.6558330000000001 0.048750000000000016 0.028333000000000053
1 0.48375 0.708333 0.04750000000000004 0.026666999999999996
1 0.47624999999999995 0.758333 0.050000000000000044 0.030000000000000027
1 0.47625 0.809167 0.04749999999999999 0.031667
1 0.474375 0.8591669999999999 0.04375000000000001 0.03166699999999989
1 0.5125 0.5925 0.06000000000000005 0.028333000000000053
1 0.520625 0.5225 0.058750000000000024 0.03833299999999995
1 0.521875 0.449167 0.05124999999999996 0.03833300000000012
2 0.4181249999999999 0.42333299999999996 0.036250000000000004 0.06666699999999992
2 0.504375 0.398333 0.03374999999999995 0.05666700000000002
2 0.5337500000000001 0.31666700000000003 0.05499999999999994 0.033333
2 0.5387500000000001 0.240833 0.04749999999999999 0.038333000000000006
0 0.4425000000000001 0.37 0.08000000000000002 0.033333
0 0.43999999999999995 0.295833 0.08499999999999991 0.034999999999999976
3 0.4475 0.13 0.09750000000000009 0.033333
2 0.5800000000000001 0.62 0.025000000000000022 0.046667000000000014
2 0.57875 0.6783329999999999 0.020000000000000018 0.043332999999999955
2 0.57375 0.7308330000000001 0.022499999999999964 0.04166700000000001
2 0.5800000000000001 0.7808330000000001 0.020000000000000018 0.04166700000000001
2 0.57375 0.8275000000000001 0.020000000000000018 0.03500000000000003
2 0.571875 0.8766670000000001 0.018750000000000044 0.036667000000000116
2 0.5775 0.5549999999999999 0.02750000000000008 0.053332999999999964
1 0.628125 0.3625 0.05625000000000002 0.031667
