2 0.17692754042176548 0.887877598368802 0.3384871661447377 0.22424480326239604
2 0.8626333927677912 0.9468224612166732 0.08888267243793102 0.10635507756665352
0 0.9208540039861567 0.8242291013273005 0.15829199202768662 0.10403777902004285
0 0.673450693182724 0.7969997902516848 0.1857029541939007 0.10697442845166372
3 0.9733316713541156 0.28286698678743494 0.05333665729176895 0.06565909313381213
3 0.8516424334241177 0.3100461630284812 0.18020375978869463 0.07991693151330476
3 0.9724846921550584 0.4055167072406018 0.05503061568988321 0.06302623420284836
3 0.8549367875339552 0.44068552815773143 0.16567888794568275 0.07685877317268491
3 0.9678533027108069 0.5203590646093431 0.06429339457838612 0.07098551076576182
3 0.8568895826086438 0.5659681075418619 0.13924289180824656 0.07888401464601624
3 0.6529328573492879 0.6048026678009258 0.15390361330527302 0.08732936330124441
3 0.97158708705766 0.6256523300185208 0.05682582588467999 0.07025638439913007
