3 0.9378834067017683 0.05443105099776399 0.12423318659646332 0.07562337065633382
3 0.9224300512495572 0.13922974825995676 0.15513989750088553 0.08043675260148178
2 0.9784263028964142 0.6443470870765169 0.04314739420717173 0.1346213044950887
2 0.809406695781684 0.4800407052700517 0.11946185258382203 0.114650164670268
2 0.7932983303274799 0.5810368446345378 0.1164298158820154 0.11402421253369444
0 0.8915430192798168 0.40860286137046353 0.21691396144036645 0.10017404902864652
0 0.9134712733754147 0.28527654038443095 0.17305745324917066 0.10070106436947979
2 0.7298670258723507 0.048782616269316126 0.2072929425743072 0.09756523253863225
2 0.703264185258418 0.16729251973620962 0.1970426521767994 0.12485963400287567
2 0.6812093996971962 0.2970924013605206 0.21638905267972797 0.1201451888534672
2 0.6594674650138332 0.4253768710412684 0.2060411634915882 0.11220386544747446
