3 0.4010487785454817 0.4794732762970637 0.10805870389400174 0.07079737235296113
1 0.3761870684157887 0.5670969617761172 0.06597714364241625 0.05889291711661637
1 0.3958287345962107 0.651282670832583 0.06525182928425638 0.05356705347250479
1 0.4117580115646061 0.7253631483724279 0.0690497457917662 0.04933631171705544
1 0.4247356688185927 0.812078829144996 0.06097027316272524 0.05424650935006037
2 0.4913915510605028 0.3237308708076228 0.10045534477639012 0.10329225490170346
2 0.5239479255072029 0.4341302320735404 0.14026776349254882 0.13868254823156073
2 0.5415619798334654 0.5463130965386637 0.1382478228038529 0.1399095650534476
2 0.5580882076853596 0.6505082307103484 0.13453557865469795 0.12871027682089298
2 0.5804396737731803 0.7202830935951436 0.07348730429908101 0.06586146359372169
0 0.7209816899332733 0.4185185545508691 0.18043039774472058 0.08831932257155861
1 0.7159947871992414 0.4848259298903586 0.088913118970668 0.07474647337598606
1 0.7291675199668932 0.5944168053028966 0.08027215059758597 0.0675041464267151
1 0.7430266390276947 0.7047591445351895 0.08657335728206961 0.06559554338181484
1 0.7560822974745731 0.8006246901292 0.08301726058157011 0.07160192807621113
1 0.9345461625630984 0.6272145187520911 0.07478178556674575 0.05930751795499445
1 0.25596560209848307 0.43482812964514894 0.029471475717154527 0.03975399519125988
1 0.2715359849390945 0.4934076344275192 0.02559541295388107 0.03538136789686952
1 0.28274695552815476 0.5457080392160565 0.02672622067029845 0.03565514836903494
1 0.29294810083573863 0.5991705785325974 0.02583723276089156 0.03715701083581624
1 0.1587332055443792 0.6729264441758849 0.04336851541665834 0.029383908635461142
1 0.17196397175926392 0.7229036450811442 0.04320484186541132 0.03621163474635414
1 0.17954069939206124 0.7742497483472317 0.038034297834473346 0.03839295309069091
1 0.19321603209308524 0.8232027701332991 0.0423158539560044 0.03771349721313533
1 0.2046297493612743 0.8727033528636978 0.03981241871615887 0.035390293329857214
1 0.2509699973008723 0.9385044687719626 0.03722331111795818 0.048497119434583125
