0 0.4534762298401537 0.16393702539821575 0.1596605788975871 0.09400539609772506
0 0.465564149656027 0.040620125542964104 0.17867819780300448 0.08124025108592821
0 0.6350547188704965 0.045238732644987865 0.1697784434708648 0.08166239529665713
0 0.6114684801905528 0.18482044276298729 0.16731688984762572 0.09302360377656527
1 0.4771554621239258 0.36668652880728214 0.10555042898134043 0.0813614591802701
1 0.4462329074895862 0.5645734416906922 0.11467353884893722 0.06111266817372285
1 0.4544649669524158 0.4672300348452584 0.11320673993137892 0.08037966685911035
1 0.4452898663131404 0.6598223886256012 0.10503919918948756 0.061845572867521015
1 0.42989076116507585 0.7582717331794635 0.10308887535810124 0.09272266766017834
1 0.43426919339070125 0.8431476954101491 0.12729095675689833 0.08409698488315653
1 0.4171431199467075 0.9393720032116923 0.11246067390211828 0.07445032420500086
1 0.4055848368441435 0.9906022969753902 0.11172846031187 0.0187954060492197
1 0.2817747515522621 0.5950776606615372 0.09565473407498895 0.06455507432589513
1 0.2865262167925179 0.6769889515651679 0.06426720006949965 0.04698961132000312
1 0.2858457167315045 0.7542012813367983 0.06798486364532119 0.06107348259374756
1 0.2869060374054327 0.8175784782488393 0.08452944822554909 0.053429442924680104
1 0.282155619412486 0.8872516193750957 0.07170134135261208 0.07515720465428588
1 0.6207031292046565 0.37470987575268727 0.12431935921033754 0.07594245626352192
1 0.5990073887388274 0.4673475915851838 0.09396576549050428 0.11297145866672542
1 0.5910297583033932 0.5546843168600879 0.08308916831748459 0.10382227481688056
1 0.5886084375074387 0.6457317794913071 0.08086363680018416 0.10159708885135488
1 0.5688837995315141 0.7466484677571198 0.11767046953646121 0.10039288078696429
1 0.5679546107940807 0.8258372450801199 0.10607313947514363 0.11644003827661653
1 0.5584975148706071 0.9089723368381286 0.12037952596758938 0.09100797064522037
1 0.5553370542648977 0.9748495322376957 0.11717309218362065 0.05030093552460868
2 0.4799498159345108 0.27267439484900785 0.09867818377200654 0.13496112014594955
2 0.6022531467239931 0.2740091717755804 0.12339030909412574 0.14585117446847118
2 0.18057651302949684 0.4658954151115038 0.05019683568299252 0.05883528450596581
2 0.1798960129684835 0.5431077448831341 0.05736962171920301 0.06946358829207588
2 0.18477874876645567 0.6160007272051257 0.06082474417959216 0.06600802080444113
2 0.18176222528894426 0.6798688202777468 0.06183216545575443 0.0894766530067238
2 0.17824713859006147 0.7476896592399023 0.07417556154633256 0.07935883817118128
2 0.18115995776665966 0.8123038183417839 0.07615240438721269 0.07960757658533713
1 0.2671679628541609 0.47980248767651773 0.11714657317412697 0.06531415247741224
1 0.26651293455533226 0.37330989698123873 0.12455538131627633 0.06235606181808856
1 0.2785870019321932 0.26139187191468616 0.1292539471587663 0.0687827320873032
2 0.31150011322520355 0.1992778106502039 0.08578555817813144 0.07887452267833264
2 0.282717022723842 0.04507571606337978 0.1406291075531574 0.08188496025309393
1 0.170111225824995 0.11824361823685778 0.11570747913459332 0.11570713358281824
