3 0.43913862230876416 0.24912057493088208 0.058187008531947915 0.04072121503264184
3 0.4451014331904076 0.2846420088764543 0.060356611215789224 0.03565656347586571
3 0.4538162453577573 0.3192617862190384 0.05595340915865932 0.03421391291108489
3 0.5093907571123277 0.29779513275281333 0.05538709468482306 0.031141054145816305
3 0.5670752779485531 0.31311223247634357 0.05595340915865932 0.03421391291108483
3 0.4093936463416008 0.3664042118454053 0.047681491084845595 0.028616415657449712
3 0.4149316788900337 0.3996207712295699 0.054035050322679246 0.03502947798624101
3 0.4233473346481035 0.4294504681287413 0.05456953636312539 0.0323172818621677
3 0.4746921788308933 0.41670175155271494 0.04824780555868191 0.031689274422718294
3 0.4675029455110367 0.38402618613034323 0.050732648779831746 0.03394749006265535
3 0.4581280253793102 0.355325136076228 0.04934860607296443 0.03204993706391357
1 0.4279900995123266 0.476810278601076 0.04082544415128936 0.030701526291898373
1 0.4316576857861979 0.5220455458326008 0.042743802987269486 0.02988596121674225
1 0.44035658373685255 0.5534121330893187 0.04384460350155206 0.030246623857937305
1 0.44686996478697055 0.588754157664118 0.04824780555868202 0.031689274422718405
2 0.5319956007193996 0.38244840603526864 0.028309975921296582 0.05258941876966555
2 0.5407583254481678 0.426828675585276 0.031046062990307766 0.050598547927982684
2 0.49676033485388876 0.47627505382322577 0.025761305922033073 0.03876017140122012
2 0.5040912742257044 0.5097195253992832 0.02852922142443448 0.0425543554488792
2 0.5103214130832375 0.5435246596165357 0.027396592476761683 0.036408637918341924
2 0.5170858680698835 0.5738953504775 0.024062192589190734 0.029540673155589725
2 0.5507635567431778 0.47161718864777347 0.037399622228141416 0.05701161025677387
2 0.5603599239216721 0.5173540172347298 0.04123633990010178 0.055380480106461516
2 0.565221934289033 0.5532361138214972 0.03290059504817411 0.03821195112431808
2 0.6018368397741509 0.4035587089130746 0.0365180672169968 0.046615884294792354
2 0.6078155648724894 0.44233333294451305 0.03871966824556172 0.04733720957718274
2 0.6139200818060919 0.47862367304377085 0.037335625538694406 0.04543965657844096
2 0.6194741984825531 0.5150943444636262 0.03485095222887791 0.043182362888328496
2 0.623486652183493 0.5463666919275785 0.030982066300860645 0.039026594249649604
0 0.5075863391595101 0.3513410153118712 0.0540350503226793 0.03502947798624101
0 0.5745817834380149 0.3823445608464028 0.057620694058111654 0.03764835626737323
