1 0.4818376068376067 0.8173076923076925 0.04059829059829062 0.03205128205128216
1 0.47970085470085466 0.8482910256410254 0.04059829059829073 0.02136794871794867
1 0.4764957264957265 0.9829064102564105 0.038461538461538436 0.02136794871794867
0 0.3814102564102565 0.8215807692307694 0.06623931623931628 0.019230769230769384
0 0.3814102564102565 0.8579064102564103 0.06623931623931628 0.019230769230769384
2 0.30128205128205143 0.9145294871794871 0.029914529914529864 0.038461538461538436
2 0.30128205128205143 0.9594012820512821 0.029914529914529864 0.03846153846153855
1 0.2499999999999999 0.7959397435897436 0.042735042735042694 0.023503846153846153
1 0.247863247863248 0.8386756410256409 0.04700854700854701 0.027778205128205058
1 0.24465811965811984 0.8792730769230768 0.04487179487179485 0.02777820512820528
1 0.2435897435897435 0.9230769230769231 0.03846153846153841 0.02564102564102566
1 0.24252136752136758 0.9647435897435898 0.04487179487179488 0.023503846153846153
