2 0.598125 0.103333 0.05125000000000002 0.056666999999999995
2 0.5875 0.18166699999999997 0.0625 0.07666699999999996
2 0.5818749999999999 0.26416699999999993 0.06375000000000008 0.07500000000000001
2 0.576875 0.33999999999999997 0.06125000000000003 0.07666699999999999
3 0.640625 0.195 0.04625000000000001 0.033333
0 0.4806249999999999 0.216667 0.11124999999999996 0.04333300000000001
1 0.48687499999999995 0.263333 0.04875000000000007 0.043332999999999955
1 0.4831250000000001 0.348333 0.04625000000000001 0.036667000000000005
1 0.4750000000000001 0.428333 0.04749999999999993 0.036667000000000005
1 0.34125000000000005 0.435833 0.050000000000000044 0.025000000000000078
1 0.19499999999999995 0.420833 0.03249999999999997 0.034999999999999976
1 0.1993749999999999 0.495833 0.03624999999999998 0.031667
1 0.20062500000000005 0.560833 0.028750000000000053 0.03833299999999995
1 0.64625 0.2525 0.02499999999999991 0.028333000000000025
1 0.6443749999999999 0.305833 0.026249999999999996 0.031667
1 0.6387499999999999 0.359167 0.02749999999999997 0.028332999999999997
1 0.6375 0.4125 0.03500000000000003 0.028332999999999997
