2 0.5342465753424657 0.9143828767123287 0.136986301369863 0.15753493150684927
2 0.5222602739726027 0.7431506849315068 0.14726027397260255 0.1575349315068495
2 0.5119863013698633 0.5736301369863013 0.13356164383561625 0.16095821917808206
2 0.5051369863013699 0.3972609589041097 0.13356164383561625 0.19178013698630147
2 0.49486301369862984 0.1934931506849315 0.15410958904109617 0.1952054794520548
2 0.4914383561643834 0.051370034246575345 0.15410958904109584 0.10274006849315069
2 0.8082191780821917 0.06849366438356166 0.12328767123287654 0.13698732876712333
0 0.8732876712328768 0.2448630136986301 0.2534246575342466 0.0719178082191782
0 0.8732876712328768 0.43321986301369864 0.2534246575342466 0.09931438356164385
1 0.8784246575342465 0.5273972602739727 0.24315068493150704 0.06849246575342482
2 0.9023972602739726 0.7054801369863015 0.1952054794520548 0.10273972602739745
2 0.9058219178082191 0.8664383561643836 0.18835616438356184 0.08904041095890403
1 0.22431506849315053 0.8767123287671235 0.17465753424657524 0.095891095890411
1 0.23458904109589057 0.9777393835616439 0.18835616438356154 0.04452123287671217
1 0.21575342465753428 0.05308287671232869 0.19863013698630147 0.0650691780821918
1 0.22431506849315075 0.18664452054794523 0.18835616438356154 0.07876643835616434
1 0.24143835616438364 0.3167808219178083 0.20205479452054773 0.07876643835616437
1 0.2499999999999999 0.4452054794520549 0.1917808219178084 0.06849246575342471
1 0.2482876712328765 0.5684931506849316 0.2089041095890411 0.06164383561643827
