3 0.5357273117133444 0.4062771168681466 0.04170552641380354 0.03303275198793326
3 0.5369593217869952 0.42789763167027683 0.04004099178707354 0.030835339483272717
3 0.5383957105661525 0.45190977035498614 0.03882619523526032 0.030232661783516024
3 0.5777576140525753 0.46589481588994575 0.04170552641380354 0.03303275198793337
3 0.5790577231109011 0.48831221976975125 0.0429203229656171 0.0336354296876899
3 0.5804260129053833 0.5115274693767853 0.04215526448872042 0.03462748679283728
3 0.54023511891571 0.4734343852981986 0.031987153999296525 0.02821133038987944
3 0.5404567111430538 0.49763832370074346 0.03320195055110997 0.028814008089636356
3 0.5418250009375363 0.5208535733077775 0.033967009028006645 0.02782195098448914
3 0.49830742435631087 0.45823916104355933 0.036396602131633427 0.029027306384002582
0 0.5095361041267445 0.488785519219468 0.0388261952352601 0.030232661783516024
2 0.49882452738776795 0.5147156550825329 0.022671225236938153 0.0359316189880306
2 0.5007377725626125 0.5443079306100758 0.02343628371383477 0.034939561882883274
2 0.5016405998911503 0.5764836297380338 0.02644976277642802 0.04192022215270241
2 0.5038264045076584 0.6092653748753842 0.024785228149697858 0.03972280964804187
2 0.5390210774665716 0.5600785540182218 0.02298681542780534 0.03334578372753283
2 0.5393789494147472 0.5858772272256705 0.023302135829785242 0.030758991817481873
2 0.5416271151753174 0.6121850899340413 0.022221487162021325 0.03433688418312675
1 0.5859155487509936 0.5397474566731462 0.027893026268939636 0.02480856248570562
1 0.5916094633021101 0.5703590678520865 0.03198715399929675 0.02821133038987944
1 0.5929776713451104 0.5935733608095675 0.03365168862602674 0.03040874289454021
1 0.595628856676081 0.6173936997764411 0.030007298970586294 0.028600709795269963
