1 0.34715832911881195 0.363715315253038 0.05251793967160828 0.038014530586914674
1 0.33843417113905094 0.41607732917606344 0.05124356524332235 0.036251420180182514
1 0.33268262254074144 0.4673101397642051 0.046572550349689434 0.03394577442844421
1 0.31872134292312293 0.5204406159614512 0.046714711289526145 0.035528039720174265
1 0.30999718494336187 0.5728026298844766 0.04996919081503659 0.03448830977345052
1 0.30021185130531636 0.6241931406313054 0.04657255034968949 0.033945774428444375
1 0.29106366224165947 0.6748834158744409 0.04869490166625884 0.032726148536059485
1 0.28205763411783946 0.7239914258258464 0.0443081233727915 0.03358408419844028
1 0.4012970715580176 0.5472690873586156 0.046572550349689545 0.033945774428444375
1 0.39625379064376925 0.5970100552125281 0.04529826120091163 0.03218361319105334
1 0.38519653431305223 0.6433834515810051 0.047846924777975364 0.035708884835176424
1 0.3808614358033572 0.6916335258700297 0.045724658740914026 0.036929459896902106
1 0.37489914017066095 0.7388207252560159 0.042328018275566814 0.03638692455189585
1 0.4321728821283138 0.4912243605618561 0.0567624717457309 0.03557338046346292
1 0.4455018353632644 0.4259579999274845 0.05648305333728637 0.044884228760158684
1 0.45288785101191065 0.3565334097464828 0.04968977240659217 0.04379915807014634
2 0.36111724228032394 0.31700242444153076 0.03851952012488841 0.06852278080282603
2 0.4413719606833192 0.305751503847429 0.03540229806798573 0.05866939716112407
2 0.47494341396223677 0.23248650063400594 0.05266001533193687 0.03959584670930347
2 0.48593935412573935 0.16123057327574475 0.04629313194124507 0.04325662272514
0 0.3877436173052686 0.269906855711463 0.0753042851009178 0.04321274900934488
0 0.39180411559824 0.19914812295491946 0.07997529999455066 0.045518394761083186
3 0.41273955317917355 0.042829594290722924 0.09115527393920442 0.04574458061937382
2 0.49096722403454957 0.5270921536541369 0.026624008568837954 0.04791178794441164
2 0.4848604010059101 0.5822792037175917 0.02181083273536838 0.04402387690094345
2 0.47585437288209004 0.6313872136689973 0.02393318405193756 0.04280425100855867
2 0.4772514649243127 0.6797499063024969 0.021668757075039624 0.04244256077855457
2 0.46761065868221013 0.723140566371857 0.021100198595200625 0.036114448780975694
2 0.4617194008796783 0.7695371076966486 0.02011014604658834 0.037515868957703646
2 0.49424596507768104 0.4650344562480967 0.029456908746067212 0.05460064100265355
1 0.5565169166499546 0.28964358523049694 0.05365015316005728 0.03819537570191672
