1 0.7650639591368097 0.6121879316871204 0.04139235713071865 0.03986238215224269
1 0.7758529630079785 0.6523697919257359 0.03715285498256815 0.035415234849713984
1 0.7872285025711492 0.6923228383697122 0.03715285498256815 0.03541523484971376
1 0.795671363674308 0.7334199537868853 0.03596261337406059 0.034957607260435064
0 0.8471762951110585 0.5859090681016489 0.057052473339249454 0.0416573104143072
0 0.8573787632902248 0.6263197421349038 0.05705247333924912 0.04165731041430709
0 0.8678332781734479 0.6649876588445247 0.061292176140661736 0.046105380088433345
0 0.8776165554812152 0.7063845725291568 0.061479151438595725 0.04195114968987479
0 0.9065888659828241 0.5520452571872512 0.05552794339605882 0.03966301174348097
0 0.9198911567893437 0.5920683799195665 0.05705247333924923 0.0416573104143072
0 0.9290903586579363 0.6279381315503176 0.054003212799606404 0.03766779070105708
0 0.9388734353124415 0.6693341370504691 0.05552794339605882 0.03966301174348097
