2 0.37916254855643694 0.3829623941201663 0.11216052889704847 0.15340226367208426
2 0.40786540565443175 0.5217213068357198 0.10542041032974836 0.150029054397824
2 0.43387098306544325 0.6573727753079432 0.10175453017093572 0.14044116963817632
2 0.4564965279805072 0.7793524563841469 0.09597176822584119 0.13049842475775741
2 0.4850883275952693 0.8979589281860905 0.10945200536044108 0.13724484330627806
2 0.5122334837457625 0.9779663499642965 0.09576832904664323 0.04406730007140691
2 0.7351342503324125 0.9284213782405936 0.12808346984062124 0.08877127497153858
1 0.6982645776274434 0.8123890873802542 0.16349406610500772 0.07900389279488829
0 0.687145906455475 0.7525532417962162 0.1656109478912896 0.07935875291565941
0 0.6618330550657248 0.6405163056004315 0.18255362600550462 0.08219891188946604
2 0.5961818471804365 0.5281222289259855 0.0815142280444412 0.105641456056074
2 0.5807956808870329 0.42984617521606167 0.08980207434694554 0.11824747696793791
1 0.3016197790914015 0.9334605185858118 0.14366064233690873 0.07119246788150835
1 0.28749676350766307 0.8492111123926791 0.1398112694234927 0.072790524546821
1 0.26423089990747756 0.7688674186562361 0.13999476217809603 0.06160458312186079
1 0.24375469769024022 0.6856830188279626 0.12498801437021298 0.0703056516963314
1 0.21855417442104952 0.5937983105445152 0.13596316714740342 0.07438879421340694
1 0.20221065150544038 0.5028019386848381 0.13423194665759586 0.0763419240007635
2 0.7565655650747054 0.27698185667696207 0.10959306399120239 0.07669830436012826
2 0.7832214343831354 0.3840475269331739 0.11729053918070764 0.07350197802822972
2 0.797752598962596 0.4967053012819327 0.11189470916941391 0.06586743605721185
2 0.8109295017737527 0.6012843654477884 0.1034233701123064 0.06444735657030842
2 0.8265078633967302 0.7007147336136854 0.0928351492689169 0.06267241696263404
2 0.8434317842130408 0.7951734098374634 0.09495203105519934 0.06302727708340494
2 0.8493792816148342 0.8890990357607889 0.08358994634420747 0.05663593165692882
2 0.8605191698487235 0.972737268918353 0.0984144720348139 0.054525462163294014
2 0.5418278836936865 0.21686990927890815 0.12346023305960313 0.0857529258180495
