3 0.31570319432027094 0.33323612566504823 0.04311432909727475 0.019381640753982965
3 0.3652118077551805 0.3373277176990779 0.04967873065025585 0.020363809861384696
3 0.31460509630581324 0.3620795925201451 0.04560237148869489 0.01813815246764222
3 0.3660140884277274 0.3672849954574861 0.04574008971846716 0.019774508396943724
3 0.4180105789260501 0.37340777547665815 0.04442720940787098 0.019578074575463345
3 0.41024267745040943 0.39462346818352717 0.05112941185462788 0.02219758181860665
3 0.3536511058649999 0.38781316978917385 0.04850365123343536 0.021804714175646
3 0.4090067785421759 0.4251042731743655 0.043389930884826344 0.022656317025466166
3 0.3537280046033592 0.4184913908079327 0.043114329097274695 0.019381640753983076
3 0.3007994721621868 0.4155450701495036 0.043389930884826344 0.02265631702546611
3 0.24376616005361426 0.4376774377274275 0.04193924968045443 0.02082254506824427
3 0.29707561352653655 0.4439956693616398 0.04615340973579113 0.02468554059772826
3 0.3512480844994156 0.4479575840126401 0.04601569150601875 0.023049184668426814
3 0.4059392773978203 0.453654071503682 0.04456501030164678 0.021215412711204917
3 0.4027340580236924 0.48384022576229985 0.04629121062956687 0.026322878733469834
3 0.3493557454358839 0.47834017209273827 0.04719077092283913 0.021608280354165565
3 0.2951143326841153 0.47519741761282885 0.044565010301646724 0.021215412711204917
3 0.24128623994967063 0.46714363093213485 0.0419392496804544 0.02082254506824427
3 0.24274496077751562 0.4971991256012832 0.041939249680454344 0.020822545068244214
3 0.2993366150269285 0.5040084417891963 0.04746629004638736 0.024881974419208586
3 0.35205848745943896 0.5094102785480177 0.04470281119542263 0.0228527508469466
3 0.40602429842365595 0.5158277092994104 0.0423525696977784 0.025733577269028696
3 0.29613131298879714 0.5341955782542543 0.043114329097274695 0.019381640753983076
3 0.24244102114812824 0.5245044534378187 0.048641452127211215 0.023442052311387518
3 0.24172376150141706 0.556720813475139 0.04746629004638739 0.024881974419208586
3 0.23938164229124917 0.5845496685441047 0.03931348905926196 0.020429677425283566
1 0.28433155210438066 0.5954194896213103 0.03841392876598965 0.025144275804587668
1 0.22436447860149017 0.6287166090043244 0.04850365123343536 0.02180471417564589
1 0.2230596379143669 0.6600165741662536 0.059282212841753196 0.02664987881253178
1 0.22161707899747146 0.6929528952574843 0.06190797346294566 0.027042746455492317
1 0.2155104972145995 0.7260208581446246 0.06308313554376943 0.02560282434767136
2 0.2981288961328522 0.6447261521187482 0.024661084490303464 0.031168230034131605
2 0.34728492637784747 0.6214151816119422 0.029564166350515786 0.04321693403588345
2 0.4084716617143471 0.6289120161750366 0.030325925750012306 0.036864997520837606
2 0.4068913019036758 0.6634856754020088 0.03032592575001214 0.036864997520837495
0 0.33867430562061296 0.5894601407535612 0.05009205066757977 0.025274842062169345
0 0.39105171715068565 0.5989548317485164 0.052993413076323825 0.02894238597661314
0 0.39041963635748844 0.5590772726777989 0.05009205066757971 0.025274842062169345
2 0.45652975177256316 0.5001769556195615 0.05078097247245528 0.03346055053443692
2 0.4536729717806077 0.5420189462369704 0.054581812510468175 0.03241251386313626
2 0.4521290720992486 0.5840573706758596 0.05603249371484015 0.03424628582035838
2 0.44744068987117125 0.6239683546317467 0.04801741095748713 0.03143034475573481
