1 0.3116806891106455 0.37431059032522607 0.050779771954989894 0.03391884377122145
1 0.3972986035592968 0.37208888906480914 0.04944534702828551 0.030530022166061266
1 0.481496968723596 0.3632608097559646 0.0455272732254034 0.02369762254849761
1 0.40105287197726214 0.4211138628585966 0.051816197780274464 0.025646432543858566
1 0.47900486199558345 0.412569559786201 0.045740096889453186 0.03202578960312702
1 0.4802392801108498 0.46087452777508864 0.04556982263429671 0.02536265630740947
1 0.3978722525415894 0.4679514410340634 0.04556982263429654 0.02536265630740947
1 0.3149018877020393 0.47589024821616244 0.04427799819620781 0.023640867301207902
1 0.31488703078811003 0.5242519714523399 0.04686167261224672 0.02708544473363461
1 0.39785742116752154 0.5163141636902644 0.04315642247341439 0.02858121217070031
1 0.4795359360291217 0.5067660785765201 0.04677654825459904 0.02375437779578754
1 0.48135244225009255 0.553377635182851 0.04552727322540351 0.02369762254849761
1 0.40596285194336346 0.5643069778190581 0.05198647203543105 0.032309565839576115
1 0.31862002450162885 0.5724444283666714 0.04936022267063783 0.02719895522821414
1 0.3254761802482751 0.620493997742755 0.0455272732254034 0.02369762254849761
1 0.40713342040542877 0.6101133957495548 0.04936022267063778 0.02719895522821414
1 0.4875626857776946 0.6006230653031237 0.043156422473414335 0.02858121217070031
1 0.48681679228707336 0.6448495823456433 0.04419284829869896 0.020308800943337424
1 0.4095532894365509 0.655864057852785 0.049232523364235725 0.022201855111431912
1 0.3290601744110839 0.662855838240825 0.048068372692687655 0.025476166801989164
1 0.32962740560285936 0.7095241500944458 0.04440569750261003 0.028637967417990073
1 0.41130592046445946 0.6999760649807015 0.04561239758305108 0.027028689486344737
1 0.4912382476285297 0.6955112122746976 0.045654972531805504 0.028694722665279948
1 0.33319009952136025 0.7510524742930363 0.04173687318906222 0.021861323627692997
1 0.41497506452477717 0.7456699718366417 0.04556982263429665 0.025362656307409637
1 0.4916990542183495 0.738014940890992 0.04427799819620776 0.023640867301207846
1 0.4928057730272138 0.7813228087630975 0.04419284829869896 0.020308800943337424
1 0.41539329616584275 0.786507667274001 0.044192848298698906 0.020308800943337424
1 0.33869058117671685 0.7949952150991066 0.048025823283794566 0.02381113304307725
2 0.5996123702329181 0.7272759950041849 0.03142986801987113 0.057996260398495925
2 0.5978513000815975 0.7807199512280796 0.029925194377871334 0.047945304917641596
2 0.6665495379231136 0.6058323321120922 0.03125959376471443 0.051333127102778486
2 0.6679329555890898 0.6599679165172416 0.031217018815960063 0.049667093923843164
2 0.6656323978206804 0.7167723167226516 0.031131894458312437 0.04633602698599626
2 0.6670370901911031 0.7717404180072569 0.02863334439992149 0.04622251649141651
1 0.7170516386643362 0.6977596404308423 0.04686167261224672 0.02708544473363461
1 0.7147936303048199 0.7562290743951638 0.04677654825459887 0.023754377795787485
0 0.6473921808441145 0.5658459653840804 0.07193229755380581 0.0315516166172779
1 0.44886040062328375 0.30971158965360457 0.05577687207177229 0.03414586476038073
