1 0.30027901174751653 0.4241000478522901 0.05583701718317713 0.03860566266398513
1 0.2897289011629195 0.48132263728304286 0.05086157441850925 0.03794573769112575
1 0.2921742834274014 0.5327308799103891 0.04600981809187965 0.03894363024745362
1 0.27870019925506306 0.5870522997622178 0.05210543510967641 0.03811071893434059
1 0.2706378100527998 0.6446048516794001 0.05260032934494785 0.04474397922819573
1 0.26120467253217666 0.695274681260799 0.05110902153614505 0.04126236783805337
1 0.2547573518183138 0.7480167716565285 0.05384419003611479 0.044908960471410575
1 0.24638247109024092 0.8013393038634762 0.052476642906909704 0.043086161699008585
1 0.36888330055382257 0.607388998517049 0.054098188015179294 0.031806426038362146
1 0.36504753614345076 0.6588012436929147 0.04937019236814716 0.0344631312124305
1 0.3557380850608656 0.7078132557451264 0.05558949582398187 0.035288037428504615
1 0.3561906401782853 0.7522582755921878 0.05571325650357961 0.03694685004624487
1 0.34750311944128365 0.8013527782660069 0.04874506083340874 0.04259121796936394
1 0.3979024421765931 0.5467542855836498 0.08059047032691868 0.04024647491054145
1 0.4067071727317636 0.4792518432256847 0.08556591309158668 0.04090639988340078
1 0.4160101471944794 0.41348970901851434 0.08432205240041973 0.04074141864018588
1 0.3318541945915092 0.37971651079568575 0.0844327855987193 0.07523955550643124
2 0.40019493733608946 0.36449470224893366 0.047494649280813095 0.0588454013061252
2 0.43125892303279845 0.28487061273161723 0.09103632433308545 0.048200580238668245
2 0.43564502251915116 0.20924508125379104 0.08891981074798483 0.05284606051690646
0 0.3382395978447936 0.327804324253103 0.08456949951805542 0.04405804878711356
0 0.3397049249325599 0.2576531818181087 0.08705722090038931 0.04438801127354325
2 0.46085091981070586 0.57855171143642 0.022617435457473967 0.055545776441828454
2 0.45707692437779357 0.6291360429362451 0.021751333424969044 0.04393707338330555
2 0.4496951817925374 0.6775656230001323 0.02162757274537136 0.04227826076556529
2 0.4523260937140767 0.7264871393336976 0.021627572745371304 0.04227826076556529
2 0.4451917982464564 0.7716000892506574 0.023991533448107782 0.04094941063425461
2 0.4419127712903751 0.8155501653680743 0.021380125627735724 0.038961630618637666
2 0.46287953521419134 0.5176875270093825 0.04015524581340896 0.059514326464576495
1 0.5131225102026349 0.34095081277384387 0.07984157811258275 0.046715749049734745
3 0.34573547878542643 0.0926386643679957 0.1039763763414554 0.040064488384695715
