2 0.9378305686038457 0.1544172839652201 0.06612263343256919 0.03466341917415375
2 0.9334044654450204 0.23000877020702265 0.06315485834428702 0.03776358043040637
2 0.9336751850347134 0.30416593099233696 0.06315485834428669 0.037763580430406285
2 0.9261587635072541 0.37963973058116357 0.060187156811394193 0.04086567316799772
2 0.9248229787170636 0.45534890347594226 0.06315485834428669 0.037763580430406396
2 0.9236711559581816 0.5262274415442012 0.0724258134501895 0.0381166403893346
2 0.9162160060708985 0.6000923171784133 0.044367788016386855 0.0306198332127543
2 0.9086996580988296 0.6755641852859017 0.053761359958031996 0.03419267256224923
2 0.9107606969889332 0.7433425620979079 0.04449040485212874 0.033839612603321245
2 0.910847454547318 0.8223303577097414 0.04436778801638663 0.030619833212753966
2 0.7899905670076681 0.5420925842829099 0.06092271071506483 0.060180486548723766
2 0.7932289881302537 0.6195872111117671 0.07328398418960236 0.06065123316062804
2 0.7919545485356293 0.6936855285705931 0.05758723223033679 0.053625172595951565
2 0.7935251936381554 0.7743410914635294 0.054496913861702856 0.05350748594297583
2 0.7892830525106389 0.8451019428788122 0.057587232230336904 0.0536251725959519
1 0.8007811953796795 0.4619077680018778 0.056606444655182275 0.027870800434091347
1 0.6878619580887844 0.4608319845588189 0.07230327016983795 0.03489879248010552
0 0.7931039649168597 0.4197053018909299 0.11321296286575522 0.0557435323495204
0 0.6939685434490772 0.42237888777683064 0.08157422527574087 0.03525185243903389
0 0.7912880861428502 0.34548929777912796 0.12841932103744302 0.049892406833266734
0 0.6920913930348915 0.349771807619643 0.08454192680863337 0.03214975970144279
2 0.8204367362507493 0.27083930476113355 0.06389041224795755 0.05707839381113264
2 0.825856259610748 0.20979470336270187 0.06982588886913255 0.050876139817288946
