1 0.81625 0.6041670000000001 0.020000000000000018 0.015000000000000013
1 0.865625 0.629167 0.02124999999999999 0.011666999999999983
1 0.8343750000000001 0.625 0.016249999999999987 0.010000000000000009
1 0.805625 0.621667 0.016249999999999987 0.010000000000000009
1 0.8668750000000001 0.648333 0.016249999999999987 0.01333300000000004
1 0.835 0.643333 0.015000000000000013 0.010000000000000009
1 0.805625 0.639167 0.016249999999999987 0.015000000000000013
1 0.868125 0.6658329999999999 0.018749999999999933 0.011666999999999983
1 0.835 0.661667 0.01749999999999996 0.01333300000000004
1 0.8049999999999999 0.6575 0.01749999999999996 0.015000000000000013
