2 0.40874451009493457 0.10042834059513955 0.05221409263810217 0.058223910350746255
2 0.41801523188167256 0.17906749502489783 0.06380616810025797 0.07856367042867698
2 0.42221540233337124 0.26171819045171396 0.0650270772148156 0.07693545069630778
2 0.4259057613821071 0.33768448049207234 0.06255649886943287 0.07852533127481814
3 0.3646742603993289 0.1907675528695639 0.04681284309753686 0.03474272826965369
0 0.5242581094439325 0.21733623114293957 0.11196816929280279 0.04673371811691979
1 0.5172046525605154 0.2637981868341887 0.049484707751552226 0.044816760423971674
1 0.5194871876178849 0.3488907119918664 0.04687036333007133 0.03807584604211023
1 0.5262298280793248 0.4291187472647504 0.048120032560896364 0.03811418519596921
1 0.659815041133327 0.44071905211260953 0.050418084713913736 0.02652695077085876
1 0.8062851304284013 0.430208702344208 0.0330952416747291 0.03598755646343332
1 0.8006173416777741 0.5050546691552024 0.036786746387288405 0.03277045588793848
1 0.7982462521965741 0.569999130004244 0.029403736962169358 0.03920465703892828
1 0.3580587232545157 0.24807981129514908 0.025482203077328958 0.029092285730751344
1 0.3590130931590112 0.3014562072960098 0.026789392540688517 0.03246374265706675
1 0.36371645350336246 0.354948620493832 0.027981541538979082 0.02916896403846919
1 0.36404598879244543 0.4083058469177632 0.03547955692392896 0.029398998961623013
