2 0.4313640374129273 0.9089572060205043 0.1152439266377348 0.18208558795899132
1 0.0898201742624952 0.9869523409835818 0.10839784456088203 0.02609531803283649
0 0.6001093695445064 0.9619753703031385 0.23267488520138951 0.07604925939372298
0 0.3331488617929583 0.7637706990542485 0.19400462133606033 0.1312065906807317
0 0.5901596263953179 0.6887740162571556 0.2043322630419484 0.13552410829203665
3 0.14005509741708097 0.217025128167252 0.16079994805162437 0.08766043377521562
3 0.3181732516348992 0.21448256402392823 0.19510970937930436 0.10661892407615123
3 0.16320323140667747 0.34456262382986785 0.1628467986357585 0.08522039251983893
3 0.33889036006199835 0.3510295291525122 0.1798325677571026 0.1015504609837099
3 0.19620738333247945 0.4619641191517233 0.15917876934380126 0.0929156510672749
3 0.35999164346746076 0.481757786245466 0.15303524759444986 0.10023532422105508
3 0.5757048983250272 0.4850320784495272 0.16916670296622305 0.11093458999921135
3 0.22276698628021827 0.5702626552547143 0.12947879984896876 0.08840952756810683
