1 0.6564969342472466 0.6264885634685322 0.046549813741380786 0.04215241123962066
1 0.6687067044140118 0.663875688798585 0.041780819028679805 0.03749264696245269
1 0.6815639443406214 0.7009803484693542 0.04178081902867936 0.03749264696245247
1 0.6911838354680083 0.7394973364365434 0.04044464385657265 0.03692771564388464
0 0.7471786392403514 0.5924643462344914 0.06411544827451754 0.04561354942735074
0 0.7587409396472717 0.6301339372238286 0.0641154482745172 0.04561354942735052
0 0.7705703611340586 0.6661046859163866 0.06888467115079422 0.050274203284573105
0 0.7816754802029113 0.704765355711781 0.06908002844654149 0.046391234330918185
0 0.8126912680131064 0.5536011280060784 0.06239915258600759 0.04356657773807793
0 0.8276809774774511 0.5905661541897174 0.0641154482745172 0.04561354942735052
0 0.8381024600080125 0.6239874649226205 0.06068262873392305 0.04151871646875083
0 0.84920735091329 0.6626472850619635 0.06239915258600759 0.043566577738077816
