1 0.5515359836209834 0.7199664566032953 0.025413480429156032 0.02787687458585808
1 0.5510698870213531 0.744182885976661 0.024823678418829487 0.0195810648107847
1 0.5455047162838011 0.8489502006393036 0.023579257175718626 0.019423777983224255
1 0.5448027130358548 0.8764847548153003 0.02618601759656214 0.021396916271162914
1 0.5404264758049595 0.9027171706552126 0.023461268462024454 0.017764217813411864
0 0.6097878753988719 0.7306770623012537 0.039638744622464084 0.019808946571694186
0 0.6077824211614316 0.7588846075030935 0.039638744622464084 0.019808946571694186
2 0.6513221892663742 0.808751750435183 0.019545269575612645 0.03206812542050019
2 0.6488449217323013 0.8435955452422838 0.019545269575612534 0.03206812542050019
1 0.6877353632982242 0.7204394623064323 0.02618601759656236 0.021396916271162802
1 0.6866204349418839 0.7537819793082752 0.028910837510172094 0.025030610265908027
1 0.686245776699866 0.7855425840170911 0.027666416267061344 0.024873323438347916
1 0.6844496787546596 0.819635739921563 0.023815163824034924 0.022741902785854973
1 0.6827715695231474 0.8520693356562224 0.027430438839672888 0.021554203098723024
1 0.679108839713275 0.885926561319354 0.02754842755336695 0.023213763268535192
