1 0.4199155394871179 0.4045373576847512 0.0627345019611773 0.040647715925435424
1 0.4114212597003134 0.45650518654589944 0.06287405852291378 0.04231615889532725
1 0.40730266578020424 0.5057442834850796 0.054541524009621145 0.03942940495706726
1 0.40577550794887685 0.5570579270502742 0.057132876330959426 0.03816606417692958
1 0.3989259213782488 0.6058909203333316 0.0627345019611773 0.04064771592543537
1 0.3922857534176697 0.6522202476951827 0.060282706201575664 0.04357949967546504
1 0.3870809438306621 0.6979174039337808 0.06259486163199668 0.03897827148917499
1 0.38432784623581223 0.7473595527010222 0.05727251666013988 0.03983550861318996
1 0.3800152034214833 0.7906545689324447 0.05835873232703803 0.036699671568730774
1 0.3772076134941502 0.8324841940220365 0.05972422865229726 0.036902723396792014
1 0.3747337965576613 0.8785874539167573 0.062315664741079524 0.035640384083022836
1 0.5447665700231459 0.47379907386067477 0.05562773967651946 0.03629356791260796
1 0.5369396686831418 0.5343161752648178 0.050305394704662665 0.037150805036622714
1 0.5291128511105816 0.5948322752025921 0.0507242319247605 0.04215813687903547
1 0.5208127039854409 0.6527431833051298 0.05153125070074138 0.03568441242842402
2 0.564029894134459 0.43357184922287323 0.06644272561362796 0.05273692623627513
3 0.5947210902971981 0.3806807407196084 0.07351883223407096 0.04060268611366591
0 0.6500255069615816 0.46325860618229775 0.10027028118997916 0.037986946396219856
2 0.6517877355626069 0.5083025785913107 0.08653698893663431 0.06726375995021966
2 0.6412299253395285 0.5684125748729626 0.08968681880725105 0.07267719544875506
2 0.6327356455527239 0.6203804037341107 0.08653698893663453 0.0672637599502196
2 0.6255370838103105 0.6733855059082665 0.08079580674468001 0.06311366523182205
1 0.7964078909181245 0.597402036599315 0.03402842346651713 0.01989523940071014
1 0.7948415267026996 0.6326564113242645 0.0345869010157952 0.026572015679383276
1 0.7888296145722671 0.6714747409224968 0.03500573823589315 0.03157934752179581
1 0.7802263501204967 0.708217522428346 0.037876287448148305 0.03365389414781039
1 0.7711650420645306 0.7339083669363626 0.037038613007952415 0.023639230462985106
1 0.8512371625385462 0.6030204438005626 0.028706078494660114 0.020752476524725005
1 0.8449613394655819 0.6367299156423516 0.030211131381656098 0.02262397132267835
1 0.866872323722097 0.6805450292007875 0.03843476499742671 0.04033067042648342
1 0.9066793202732852 0.6095755998671556 0.030350771710836555 0.02429341575893873
1 0.8997906110860034 0.6423483228435993 0.027619779060317984 0.023887312102816027
1 0.8589670933813416 0.7089425914580718 0.03199546492701333 0.027834354993152455
1 0.8731890849030962 0.737250094091817 0.02856643816547977 0.019083032088464735
1 0.824364906417161 0.7342148645531056 0.03007157481991951 0.020955528352786468
1 0.8679789126093898 0.5598834495854321 0.03007157481991951 0.02095552835278658
1 0.7488605135454329 0.455142292683797 0.03129743081599823 0.019489135744587605
1 0.7388458111558033 0.5170232593157398 0.029792294161558486 0.017616639480265817
