1 0.9308516705778442 0.5958523961403007 0.07986280416692348 0.05335311884699134
1 0.9407822039698539 0.6479473153228952 0.07637162079540305 0.05280745606657489
1 0.9519125571346506 0.6962775215070869 0.0774628372236803 0.05978912457294083
1 0.9575334129845148 0.7436813284128179 0.07233466551091061 0.04876991167796352
1 0.9602088573758321 0.79512267970716 0.0774628372236803 0.05978912457294083
1 0.9685950958642928 0.8486896609486321 0.06280980827141425 0.05520801211393578
1 0.9703962849681015 0.8920559234657519 0.05920743006379703 0.05335311884699112
1 0.9756886574434309 0.9394597303714826 0.048622685113138275 0.055208012113936
1 0.9774899283966569 0.9783480718002674 0.045020143206686236 0.04330385639946521
3 0.7213779130962112 0.571368373833259 0.08815359402726142 0.04102467546548616
2 0.6474141974176473 0.7045293703826605 0.1110662478215847 0.07866552131944571
0 0.6470301166250634 0.6563070693063044 0.13408474976999685 0.05161017321909689
2 0.660181538923694 0.7633331266814126 0.10997503139330755 0.07168385281307921
2 0.6691849748005683 0.820937652311496 0.1094292594803351 0.06819197120488507
2 0.6834251857347229 0.8777236837709541 0.11455743119310491 0.07921118409986205
2 0.7557467300888622 0.6196436535529373 0.08575395448168699 0.04746277590145842
