2 0.7834904574279505 0.03148867574190639 0.11389190083061584 0.06022414048366018
2 0.7744609493133165 0.12753523037704428 0.11586711553647489 0.058413969690429154
2 0.7704721493444711 0.21996270421211236 0.10435537860562405 0.0548544381654279
2 0.7699576768991272 0.30322584023036236 0.10660320387840883 0.055145998287389364
2 0.7648113303915669 0.38695609106908946 0.10857858211790161 0.05333708828055023
2 0.7602100414842252 0.46648414086382306 0.09706684518705067 0.04977755675554901
2 0.7499891893949209 0.5452832903536522 0.1063307568451165 0.05304552815858854
0 0.9396983536644192 0.05746730123403487 0.12060329267116143 0.06832701383712811
0 0.928286198483853 0.17260246723163905 0.14342760303229407 0.08601175916537956
1 0.9296474816443087 0.23053386998969738 0.14070503671138268 0.06505904243408847
2 0.9220257611836844 0.33790730341830655 0.15203749912968256 0.0816991673974144
2 0.9103395937126935 0.4368142639110758 0.13970809403168782 0.0718357039132263
2 0.8964056009689174 0.5354296642818837 0.13691521115868388 0.0673419427472709
2 0.8849582466288967 0.6236847117104922 0.1369152111586842 0.06734194274727134
2 0.8739533602747704 0.7173392360948677 0.13153446110769196 0.07697339538456593
