2 0.9372915412990704 0.08704521601954328 0.12541691740185912 0.17409043203908656
2 0.9297602835297911 0.2543752635978917 0.14047943294041776 0.19503009896430512
2 0.9230609765918935 0.4184477615092617 0.1538780468162131 0.17790129312816771
2 0.9369180965590397 0.5307956393360862 0.12616380688192064 0.09007429177506299
0 0.5894277569606864 0.09695266319384763 0.392210170081188 0.10389365005071617
1 0.6125811729866955 0.19796312641248448 0.18758334175932245 0.10108846018854986
1 0.6042949068674283 0.3696086057236677 0.16934918139076327 0.09129917452277209
1 0.5946560556843061 0.5425618305193824 0.18395650791404639 0.08694943870740812
1 0.5840756675205107 0.693046434801492 0.17481436288437197 0.0972804152839225
1 0.16391611079420437 0.46517210008080684 0.1584186842838453 0.07933502094931255
