2 0.5794459574754623 0.0959686388060792 0.05379227735747483 0.06080430699070716
2 0.5724927840860892 0.17503165451793395 0.0659527653652946 0.08169788019765001
2 0.5707241297735586 0.2578382899141416 0.06712264712716365 0.08013768444318464
2 0.5692685065207229 0.3339390225548936 0.06470518176541984 0.08159429846332267
3 0.6261365619494708 0.1839366565187224 0.047714303673017544 0.03710108747781521
0 0.46745579861245395 0.21882023359942257 0.11305476867097852 0.052468006461839634
1 0.47586890195818354 0.2648781139451899 0.050675588677240535 0.0472889197454682
1 0.4760881524965836 0.350024543939656 0.047869707349028956 0.04042864245540123
1 0.4717078015331851 0.43054317560476896 0.0491172909489036 0.04053222418972863
1 0.33856594469994067 0.4491119227770526 0.05106863850617416 0.02909494137059243
1 0.19189948680788335 0.44625998249486476 0.03406858591240075 0.037625465889006504
1 0.1997619129409957 0.5207524624172044 0.037655979647794074 0.0346096541812827
1 0.20403926226994798 0.5855232278763646 0.030481192177007566 0.040641277596730196
1 0.6344308655246295 0.2408593843084879 0.02627232357290965 0.030349863594749976
1 0.6350454362114155 0.29424465781567566 0.027675310848796042 0.033781000306663256
1 0.6319173027103577 0.3479416745927255 0.028767490772659166 0.03055702706340474
1 0.6331556651970812 0.40127515723274937 0.03625299237190793 0.031178517469369393
