1 0.4057808225225592 0.49016785019216985 0.05758783281767199 0.04079410071876144
1 0.4068023432924606 0.5462882257017896 0.056188068617356035 0.0389274605319595
1 0.4107632003420445 0.6002229195288042 0.05106915772845366 0.03642075380865051
1 0.40636604971651946 0.6589566795178174 0.051229206365907165 0.0380740384832835
1 0.40738757048642077 0.7150770550274372 0.05478830441704041 0.03706082034515745
1 0.40708939937972344 0.7705846395981345 0.05106915772845355 0.03642075380865051
1 0.40733110974072056 0.8251593999616561 0.05338863622670509 0.03519517193080568
1 0.407412771464264 0.8780808756505447 0.048589726602729366 0.0359940427843124
1 0.49946507875174617 0.6572178201481169 0.05106915772845372 0.03642075380865051
1 0.5038857449453075 0.7093925515444139 0.04966948953811845 0.034555105394298735
1 0.5012479505919365 0.760261307131916 0.05246892192876956 0.03828739399545256
1 0.5061285219394558 0.8106770678699455 0.050149539440498714 0.03951396764574755
1 0.5090694476189648 0.860585723652687 0.046430392751912075 0.03887390110924038
1 0.5212780788226562 0.5896053965301131 0.06222659779421358 0.03834095341817145
1 0.5226155313479374 0.5187945141807313 0.061946982036111764 0.048045322408900026
1 0.5168145470125497 0.4458515095714632 0.05450868865893854 0.04676518933588614
2 0.41143783345936863 0.4379385676007037 0.042352448691400424 0.0723058037963683
2 0.4945779577849596 0.3984227260037993 0.038912917760915544 0.06196136826913279
2 0.5158705224466646 0.31241478254246424 0.05774778544514492 0.04244639362094421
2 0.513548563838693 0.23635128849851447 0.05078954197035196 0.04612512279937914
0 0.4304917866464528 0.3808839350221045 0.08254209670238888 0.04671350386432399
0 0.4208915832987614 0.3077538587258017 0.08766100759129136 0.04922021058763304
3 0.4124082535836505 0.1420051249038856 0.09989811458245984 0.049700481034690006
2 0.5908629936803065 0.605357941255956 0.029274809016119674 0.050550155181052214
2 0.5952238283085534 0.6634243591108776 0.023995849489763743 0.04639016378311012
2 0.595305490032097 0.7163458347997662 0.026315327988015058 0.0451645819052654
2 0.6063045668702105 0.7648676797534093 0.023835896862290595 0.04473787088092729
2 0.604586486814775 0.8122175022519268 0.023195798322456884 0.03812572395484559
2 0.6074474361805475 0.8613000115835769 0.022116131397048266 0.03956565311730964
2 0.5821429138236391 0.5413194430114595 0.03239424267169744 0.057588021359021635
1 0.6138694728779195 0.3417623480878362 0.058827548380534056 0.041007456230930495
