1 0.494934995379613 0.8150902239922171 0.027530958146842477 0.031660604717547725
1 0.4966685446254979 0.8410331611476325 0.02649024929754512 0.022807821168376874
1 0.5078549975036584 0.9529854215085876 0.025205580523392723 0.02253933739503411
1 0.5100048053112506 0.9824692596083673 0.027982984907522157 0.024846224225641422
0 0.4349718215561648 0.8312498622836954 0.04169808286148957 0.024258644788048622
0 0.43851045644587944 0.861351238628614 0.04169808286148957 0.02425864478804851
2 0.3958512716955095 0.9183403015537492 0.02173206456367116 0.03563006845564021
2 0.40022242370863903 0.9555234797873964 0.02173206456367116 0.03563006845564021
1 0.3534668907954416 0.826514083925054 0.027982984907522324 0.024846224225641422
1 0.35634530719859403 0.8621958266481221 0.03096870590759171 0.028925155093212362
1 0.3583730725987302 0.8962397672208982 0.029684037133439423 0.028656671319869154
1 0.3619978568068711 0.9326722276992558 0.025621839085100184 0.02608023833939832
1 0.3654144492891296 0.9673337065171709 0.0292676536816745 0.025114707998984187
1 0.370966236658499 0.9949602982529002 0.02947584540755699 0.010079403494199446
