0 0.0862924035323949 0.39895116197217917 0.171141582646608 0.0709078758217428
0 0.0740226962370868 0.47045551966937693 0.12452152817897066 0.064920014979781
1 0.11528753666095404 0.5120046233068328 0.08303063903278318 0.0615576057617056
3 0.0720835733041571 0.6064715080420744 0.11568277865212051 0.06156048226215505
1 0.11641756158422747 0.6642621404355318 0.07840472660621672 0.0525805783065304
1 0.12816783702644005 0.7301774029005701 0.07698503552638286 0.050688218583252564
1 0.14168124975647936 0.7949021215371002 0.07203906987089531 0.04971076271577457
1 0.15448470698281666 0.8589240350857296 0.07593174377847306 0.052091850372791404
1 0.16559356366659186 0.9190693340170764 0.07185576024114809 0.0480617777662351
1 0.1748244002142725 0.9736880441884697 0.0647569749506231 0.03859701157045181
2 0.3371040602825287 0.9687300598383358 0.071948562410939 0.06253988032332836
2 0.3290632590819319 0.9061387118912219 0.0779478198143364 0.07022771723833332
2 0.3154350734674102 0.8346978498593611 0.07387172631322642 0.06619665543864572
2 0.30746269904829276 0.762981347854792 0.07616150947500822 0.0650373876159761
2 0.3004287335288176 0.682655353538483 0.07226872560364533 0.0626553107658282
0 0.29362562607890264 0.6385082085893992 0.14558822831779566 0.08036976551707642
0 0.2864083509296803 0.5565332293235508 0.14874788363395505 0.07615689176219731
2 0.28713535783704935 0.4493993238182822 0.11971482076006218 0.09783122680010714
2 0.27265927078284147 0.36464736778606366 0.13033977066245567 0.10638009994695913
2 0.2789749744047304 0.28505253252357293 0.09012942432330792 0.07102237195748862
