2 0.478125 0.733333 0.008750000000000091 0.016666999999999987
2 0.50125 0.731667 0.009999999999999953 0.016666999999999987
1 0.548125 0.735833 0.018749999999999933 0.008333000000000035
1 0.55 0.7508330000000001 0.015000000000000013 0.008333000000000035
1 0.551875 0.765 0.016250000000000098 0.0066669999999999785
1 0.55125 0.7791670000000002 0.01750000000000007 0.008333000000000035
0 0.484375 0.703333 0.018750000000000044 0.010000000000000009
0 0.5037499999999999 0.7191670000000001 0.019999999999999907 0.008333000000000035
0 0.48375 0.721667 0.020000000000000018 0.010000000000000009
4 0.693125 0.153333 0.28625 0.13
