2 0.27024208351932 0.2618620738051837 0.06092187776402741 0.05957350517375082
2 0.26462671923998093 0.3079923397739779 0.059168601146740996 0.05596219513235434
2 0.4841678826737207 0.4246149366574291 0.02788525407484227 0.028263554936164392
2 0.47911425495376214 0.45555675221661673 0.028417156092419626 0.031520228168828435
0 0.48553075032328563 0.4906815414920086 0.04540794025082917 0.028697608668315
0 0.47994522058574973 0.5248800302838603 0.048382591467824476 0.03266355551844391
0 0.5210835493225996 0.5001520849120032 0.029953512234673352 0.0195564685646899
0 0.5165076732947422 0.5320851429088032 0.031440758049888995 0.02153895343991452
1 0.47261161381592964 0.5423668710153945 0.022467694071865163 0.02358735736889095
1 0.5133159420161504 0.551627136504147 0.02220182285635841 0.02195950930239876
2 0.46506108657107703 0.5768473286273935 0.03479005989303524 0.034922237378662624
2 0.46144055434085796 0.6107638485990978 0.0338345565088331 0.03619544863642232
2 0.45375709148825194 0.646058230244343 0.03803074191210126 0.0405170093949635
2 0.4478267456663682 0.6784515525653363 0.03680936731239226 0.04016237258623101
2 0.4430636241187173 0.7154474273653382 0.03463248932848095 0.04108094703525822
2 0.5061100712690816 0.5879137376866841 0.027885254074842325 0.028263554936164503
2 0.4996479830161844 0.6235627561406616 0.024221130275715375 0.027199644509967147
2 0.49358470158654744 0.6567700024949011 0.022733724873935712 0.025216182535062748
