2 0.682897629950068 0.6591530859614619 0.09359479818277427 0.060288406201174816
2 0.6867785666917564 0.7192225343697297 0.08282333685411003 0.06701839321685932
2 0.6886243895599244 0.7763475487057603 0.08754480724189062 0.06281242052223723
2 0.6874452423523982 0.8353342997045855 0.0862163374782825 0.061131399224970906
2 0.5721522748829633 0.6690393465705186 0.08621633747828272 0.061131399224970906
2 0.5703088927936331 0.7273054391135338 0.08621633747828261 0.061131399224970906
2 0.5729036166313373 0.7867132180861104 0.08994790087439453 0.06149095580344088
2 0.5715551880378414 0.8425766937997563 0.09608250711351563 0.06052811058682139
1 0.44530848561270886 0.6702714750295216 0.056083999932548256 0.030262509994540943
1 0.44794556788902673 0.7304607756306127 0.057751083257589986 0.03819101893845911
1 0.45120457739802977 0.7905901501352923 0.05269099930837551 0.036149503986429354
1 0.45566508293378993 0.8498181508186339 0.055178708239116636 0.03638920837207604
0 0.30332337042850666 0.7035775246963833 0.10343508491486958 0.036378062426271396
0 0.30986129748690594 0.7665305440041839 0.09232506081426595 0.03686149887159751
0 0.31249832897372887 0.8267189075289818 0.09348424919190451 0.03541924488368442
0 0.3163792657154173 0.8867883559372498 0.092325060814266 0.03686149887159751
0 0.18187822787940608 0.7121389011351875 0.09455882227130558 0.032415821791328736
0 0.18406266430900792 0.7755114031178696 0.09763909223718228 0.04358839528954239
0 0.19109554486324154 0.8360618055963008 0.09034524683092807 0.04599255741778174
0 0.19622033607030065 0.8960114018117453 0.09614129029811 0.03878316163080364
