1 0.5914804588167835 0.013955309318152193 0.08638598963743394 0.027910618636304386
2 0.38691382014117026 0.014909910738595284 0.1338425894449753 0.029819821477190568
0 0.33735091039193627 0.1318638424974625 0.1520653158917925 0.06989999354182919
0 0.35303981471603507 0.24317698034326646 0.1881702783406703 0.10644853368399398
0 0.36549026143674523 0.36175895239381384 0.18857768978271144 0.10909417289513823
2 0.42170437426328056 0.4438143176074747 0.19468763942340067 0.14877082573174238
2 0.4359677051372137 0.5458700988134424 0.17278546123351896 0.1324850780957531
2 0.433006615231456 0.6587018393297969 0.1391379605995684 0.12988647962739064
2 0.4645009856654127 0.7594575277685266 0.1654937231426591 0.13910934924319696
2 0.4820093929230675 0.8637203413129 0.1760442639738774 0.1536470176526844
1 0.14691755884584645 0.319597783960449 0.10504284704560878 0.07040598739651532
1 0.16341442287570934 0.42672474661927995 0.12003373466937008 0.059803084312771815
1 0.19085575722018056 0.529459577906577 0.10504284704560912 0.07040598739651527
1 0.21180645000123738 0.6277771703848359 0.11112607716698206 0.0739256662209109
1 0.22809286733075423 0.7241046533618885 0.11274199657851003 0.06642735546021594
1 0.239918837128744 0.8197656399763635 0.11274199657851006 0.06642735546021594
1 0.25782117386978876 0.9077207725794696 0.11598707296223157 0.06950842741187235
1 0.26416828973014195 0.9807831272669694 0.11314916362256563 0.03843374546606115
3 0.07333688692292534 0.2425681465229823 0.14667377384585067 0.08926681312947535
1 0.09303344022201566 0.0923138262512121 0.1249082124232708 0.07346512604289425
1 0.007458019794684231 0.8438822911479622 0.014916039589368463 0.05016512819561758
