2 0.5865358505013978 0.2743442805950017 0.08809184073493326 0.08376961525145138
2 0.6020363114532126 0.34913568693478914 0.08286332890608705 0.08181497967984469
2 0.6186854070670442 0.42184509078720245 0.0799330673528793 0.07666735773972683
2 0.6342091125240974 0.4870759984925149 0.07536854042685814 0.07127701757035315
2 0.6445043061523044 0.5518091627586099 0.08582556408455033 0.07518628871356636
2 0.6552938596113247 0.6151946327154514 0.07506126390809043 0.0641627444563494
2 0.66919879603239 0.6742945928937032 0.07243827887365029 0.06612939563023523
2 0.6860504712950929 0.7316826357296042 0.08224779491694734 0.06758628776262421
2 0.6922832459965049 0.7874620969343644 0.06949252098361702 0.06687000298792223
2 0.6983618919627307 0.8394416305082597 0.07604802166650848 0.06195308367478136
1 0.8072037537097869 0.6467898377273928 0.0940812392939745 0.046959753195315646
1 0.8221206542977173 0.6936339106526629 0.09603925847398542 0.04842866092998377
1 0.8290251620703669 0.7423051065445586 0.11399107061090663 0.06287589418268902
1 0.8321822756034019 0.7864357674479032 0.11596654803095163 0.05845686399797878
1 0.8474306781669426 0.831319197000427 0.11988356734257777 0.06139482515652828
2 0.4704503714600093 0.6165246701559741 0.09963350493001821 0.050140578272334424
2 0.4845181657362777 0.6762375793977188 0.10322677043444667 0.05185234992547172
2 0.49172995002769526 0.7325087762405569 0.09767450479840317 0.04867152484845316
2 0.5077635116523871 0.7900183238802991 0.09995725873721589 0.05136676777774685
2 0.5277305698771348 0.8431208569376106 0.10029650888123898 0.04670472798535408
1 0.46685705908146735 0.5514332906579216 0.1267957764095266 0.04592792813161661
0 0.4592565927807375 0.5194310044025781 0.1284300417823399 0.04617064636087259
0 0.4482974142497056 0.45861927257118884 0.14151005047447224 0.04811326633020008
2 0.4666126551133789 0.38963693671176813 0.06395673263600304 0.05780109430231195
2 0.45203598562107594 0.33764524184638034 0.07048025969363952 0.06466048789556722
1 0.7873897963945072 0.5331366058497933 0.11143399473018589 0.04129021092220875
1 0.7755727824317964 0.4883806889022503 0.10848725588854824 0.04203067259068244
1 0.7714366593087558 0.44375829236082776 0.10850373317697815 0.03614258898209105
1 0.7645244033676935 0.3982739293470902 0.09704347447243789 0.040331062229037484
1 0.7587695112086649 0.34752058527860696 0.10554149799851475 0.042771279948369434
1 0.7467993494623724 0.29896459501098627 0.10423000548129469 0.04375460553531224
2 0.2839704216621045 0.29634385650235107 0.0852584810090957 0.04329320028135847
2 0.292647827205928 0.354945927552172 0.09115097774076675 0.041812131255198004
2 0.3116193985522406 0.41393053641693534 0.0869102046219431 0.03764798059123625
2 0.3294578315733618 0.4686234820127563 0.08037020027587694 0.03667667060657248
2 0.3441973589208678 0.5212281259416369 0.07219593055699747 0.03546264239265284
2 0.3566531513779568 0.5716234004673757 0.07383019592981077 0.035705360621908766
2 0.376960440698332 0.6195783115845694 0.06500841859653622 0.03203895339716478
2 0.39139171057546596 0.6645831002517214 0.07645318096425086 0.03373870944802326
2 0.4020513607561429 0.7146079982540101 0.07578919606142609 0.03717441404579025
2 0.41207223244244173 0.7589935386781029 0.0718721767497999 0.034236452887240754
2 0.42454113746612593 0.2238584895626604 0.09603925847398553 0.04842866092998391
