2 0.643333 0.29125000000000006 0.07000000000000006 0.07500000000000007
2 0.639167 0.366875 0.06499999999999995 0.07374999999999998
2 0.6366669999999999 0.440625 0.06333299999999997 0.06874999999999998
2 0.635 0.506875 0.06000000000000005 0.06374999999999997
2 0.628333 0.5718750000000001 0.06999999999999995 0.06625000000000003
2 0.6225 0.635625 0.06166700000000003 0.05624999999999991
2 0.620833 0.6956249999999999 0.05833299999999997 0.05874999999999997
2 0.6225 0.754375 0.06833299999999998 0.05874999999999997
2 0.6141670000000001 0.81 0.05500000000000005 0.060000000000000164
2 0.6066669999999998 0.861875 0.06333299999999997 0.053750000000000075
1 0.763333 0.68875 0.08666699999999994 0.03500000000000003
1 0.765833 0.736875 0.088333 0.036250000000000004
1 0.76 0.785625 0.10333300000000001 0.04875000000000007
1 0.7516669999999999 0.829375 0.10666699999999996 0.043749999999999956
1 0.7549999999999999 0.8756250000000001 0.10999999999999999 0.04625000000000001
2 0.4408329999999999 0.6099999999999999 0.091667 0.03749999999999998
2 0.439167 0.670625 0.09499999999999992 0.03874999999999995
2 0.4316670000000001 0.7268750000000002 0.09000000000000008 0.036250000000000004
2 0.43250000000000005 0.785625 0.09166700000000005 0.03875000000000006
2 0.438333 0.840625 0.09333299999999994 0.03375000000000006
1 0.454167 0.545625 0.12166699999999997 0.028750000000000053
0 0.455 0.513125 0.12333300000000003 0.028750000000000053
0 0.46 0.451875 0.13666699999999998 0.028749999999999998
2 0.495833 0.38687499999999997 0.05166700000000002 0.05124999999999996
2 0.495 0.33375 0.05666700000000008 0.057499999999999996
1 0.773333 0.5743749999999999 0.10666699999999996 0.026249999999999996
1 0.773333 0.52875 0.10333300000000001 0.02749999999999997
1 0.780833 0.484375 0.10499999999999998 0.02124999999999999
1 0.785833 0.43875 0.09166700000000005 0.027500000000000024
1 0.7933329999999998 0.38812500000000005 0.09999999999999998 0.028749999999999998
1 0.794167 0.33875 0.098333 0.030000000000000027
2 0.340833 0.26875000000000004 0.07833299999999999 0.03250000000000003
2 0.334167 0.3275 0.08500000000000002 0.030000000000000027
2 0.3375 0.388125 0.08166699999999999 0.026249999999999996
2 0.34083300000000005 0.444375 0.07500000000000001 0.026249999999999996
2 0.34166699999999994 0.498125 0.06666699999999998 0.026249999999999996
2 0.34083300000000005 0.549375 0.06833300000000003 0.026249999999999996
2 0.348333 0.599375 0.06 0.02375000000000005
2 0.35083299999999995 0.6456250000000001 0.07166699999999998 0.02375000000000016
2 0.348333 0.69625 0.07 0.02749999999999997
2 0.34666699999999995 0.74125 0.06666699999999998 0.025000000000000022
2 0.4975 0.218125 0.0883330000000001 0.03624999999999998
