2 0.6959339920695651 0.021723568208999667 0.08293160997662952 0.043447136417999334
2 0.6702465211320665 0.09637352022033314 0.10210064961541965 0.10009357567209184
2 0.6514132188517021 0.19239263519183686 0.1037343971117124 0.09833567409524635
2 0.6343536247036015 0.28067957867893223 0.10025424390723137 0.09989307853457927
3 0.7470178807431462 0.12055831386668328 0.07256928245498984 0.046578144745257344
0 0.5079139036180454 0.12034916433464762 0.16985807341333192 0.06875203857352911
1 0.5111927779200414 0.17617506598156168 0.07753778800391414 0.05872718169789601
1 0.4948101606688228 0.27543193732873783 0.07299459887878107 0.0504949421739736
1 0.4726029705052185 0.36811304735581307 0.07484100458696946 0.05069543931148629
1 0.2740807891296536 0.3554708856501684 0.07704546365890313 0.03738999219453998
1 0.05996486247043664 0.3143906565447668 0.05247147787681341 0.04633107494697619
1 0.056859576454989735 0.40320271660816187 0.05758550614700047 0.04301694373506576
1 0.050413970301619634 0.47976549115016176 0.047357449606626516 0.04964520615888679
1 0.7479914651678456 0.18901179638176746 0.040542538349513824 0.03729567206873535
1 0.7384181970884477 0.25136688668801416 0.042814260481493394 0.0414129666349643
1 0.7233055843150713 0.31312166038599054 0.04423534976589072 0.037696666343760676
1 0.7146555190897674 0.3755769992609935 0.05531378401502085 0.03889964916883665
