1 0.31113753026634383 0.12469733656174334 0.11864455205811153 0.0847457627118644
1 0.3184014527845037 0.3680387409200969 0.13317239709443096 0.05811138014527861
1 0.32324503631961254 0.24939467312348668 0.12832881355932202 0.08232445520581111
1 0.3050852300242131 0.4830508474576271 0.12106489104116222 0.060532687651331796
1 0.3087171912832929 0.6041162227602905 0.11380096852300242 0.09927360774818406
1 0.29055738498789363 0.7058111380145279 0.14527845036319614 0.0847457627118644
1 0.2966096852300243 0.824455205811138 0.12832881355932202 0.07506053268765123
1 0.2978213075060534 0.927360774818402 0.12590847457627113 0.0871670702179177
1 0.5121070217917675 0.4297820823244554 0.10895883777239729 0.06537530266343838
1 0.493947215496368 0.5278450363196129 0.07263922518159793 0.04842615012106544
1 0.4830513317191284 0.6210653753026635 0.07506101694915257 0.06537530266343827
1 0.4721554479418887 0.6973365617433411 0.09685278450363205 0.053268765133171914
1 0.46731186440677974 0.7820823244552058 0.07748135593220346 0.08232445520581122
1 0.13680338983050852 0.11259079903147715 0.14285665859564162 0.07506053268765135
1 0.14891089588377723 0.2276029055690073 0.09927312348668273 0.12590799031476982
1 0.14527893462469738 0.334140435835351 0.08716707021791774 0.116222760290557
1 0.1343830508474576 0.44430992736077457 0.08474527845036312 0.11380145278450343
1 0.1428571428571429 0.5690072639225184 0.13075060532687643 0.10653753026634383
1 0.13196125907990314 0.6646489104116222 0.11380096852300241 0.12832929782082314
1 0.13075108958837767 0.7663438256658595 0.13559273607748185 0.09443099273607736
1 0.12106537530266362 0.87409200968523 0.13075060532687643 0.10169491525423724
2 0.3220334140435835 0.043583535108958835 0.10169491525423735 0.08716707021791767
2 0.17433462469733657 0.03753026634382567 0.13075060532687652 0.07506053268765134
2 0.6537535108958838 0.28934624697336575 0.053269249394673146 0.06537530266343827
2 0.6428576271186441 0.38256658595641646 0.06053317191283292 0.07748184019370469
2 0.62590799031477 0.46973365617433416 0.06537530266343816 0.07263922518159799
2 0.6198542372881355 0.5472154963680387 0.06295351089588375 0.10169491525423735
2 0.6138019370460048 0.6295399515738501 0.07990314769975781 0.0871670702179177
2 0.6004842615012107 0.7070217917675545 0.08232493946731234 0.08716707021791759
1 0.5472150121065374 0.29297820823244547 0.13559273607748196 0.06295399515738487
1 0.5641646489104115 0.16464891041162222 0.14527845036319625 0.05811138014527831
1 0.5665864406779662 0.03026634382566586 0.1501205811138015 0.06053268765133172
