2 0.274643115283219 0.4725081898508259 0.06708563355545069 0.07594894085823567
2 0.2862298144095279 0.5215330996251257 0.06513293298702572 0.0721384491010379
2 0.4812162037043514 0.46235849468728635 0.028465591541665503 0.027631678508931445
2 0.49098305002319853 0.4990518306380152 0.02768831980665759 0.028731364305506157
2 0.49887610852716 0.5357627066982227 0.02768831980665748 0.028731364305506046
2 0.5097614390363211 0.5719196572846093 0.026911283157416366 0.02983203213759167
2 0.5184098011648539 0.6091493785996804 0.027688319806657535 0.02873136430550627
2 0.5264702137909112 0.6440189297942194 0.0311950936735651 0.030340520398532744
2 0.5371597178564249 0.6793897861341434 0.019891231212486482 0.022239927762108258
2 0.5480448132798191 0.7155457930299579 0.02378989305245538 0.02548613705156244
2 0.5545950888282678 0.7493795410959135 0.020283119185547815 0.023876980958535743
2 0.5630760968347048 0.7884505872766532 0.019891231212486593 0.022239927762108258
2 0.5771119531706659 0.6311783027843794 0.029262140824250493 0.03965238724513653
2 0.5842784154573748 0.6699986963924265 0.033937839313460616 0.041797928702505094
2 0.5927307160564936 0.7064413797704627 0.02730967534159212 0.0358428775234495
2 0.6008483084114208 0.7465667128798362 0.02614075071928945 0.035306492159107306
2 0.6100272052277923 0.7808998787100327 0.027309675341592232 0.0358428775234495
1 0.5645204240544822 0.5931985111323748 0.02417504172863527 0.022748416023049223
1 0.6057369849740083 0.5751935775173812 0.03080344078627051 0.028704449237615837
0 0.5627822733186949 0.5711424114161693 0.04835031854303751 0.045497814081609356
0 0.5993575433548687 0.5571243441242132 0.03431021465317796 0.030313605330642313
0 0.5554484569098901 0.5341633426737908 0.05341116570842741 0.04490563451046514
0 0.5922195533897114 0.5209313696282973 0.0350872513024193 0.029212937498556912
2 0.5367337370685306 0.5017610896377995 0.03003917747349183 0.03855171941305091
2 0.528171026990419 0.4724145693496944 0.03159348585774091 0.03635136578439063
