1 0.5224542674306374 0.12744916924090838 0.14537502243007544 0.09534735031823165
1 0.3022483726685618 0.17035969209099755 0.1404203151298599 0.0880768656975163
1 0.08292547617954785 0.19987540173836124 0.12728871235357736 0.07267779722203993
1 0.3130603588472135 0.26602671824481583 0.14427006751713456 0.08018986350859111
1 0.10985359664010387 0.2926441612984111 0.13161637478263474 0.08869530544359963
1 0.126819288573142 0.3855487844680542 0.12815393323522972 0.07588014555962769
1 0.34072219987757063 0.3536982842833598 0.12815393323522972 0.07588014555962774
1 0.5565294725685649 0.32316105378595605 0.12406548549719615 0.0718158536322474
1 0.5767183913579836 0.4154860236368457 0.13224290031352826 0.07994635966488173
1 0.3609114696837261 0.4460251763121231 0.12343895996630322 0.08056479941096517
1 0.1477422789490987 0.4727784829753118 0.13051193920995843 0.07353974081183279
1 0.16251156357066887 0.5627705844667441 0.12728871235357753 0.07267779722204015
1 0.36014941390666966 0.5421178927349117 0.14773250906453889 0.09300502339256306
1 0.5872379805949968 0.50955187562187 0.13868935402628957 0.08167024684446728
1 0.5896991516743207 0.6050649387259047 0.12728871235357753 0.07267779722204004
1 0.37623756399805486 0.6302170712202996 0.1386893540262894 0.08167024684446722
1 0.1662919511365449 0.6563926467426084 0.1234389599663027 0.08056479941096495
1 0.18663014762922425 0.7404199969122784 0.12233400505336109 0.0654073126013246
1 0.38910283824979586 0.718897825202315 0.13609265270080312 0.0720593574759566
1 0.5981709092696529 0.6879168049957511 0.13460038694799126 0.0776040327392129
1 0.6161634207476041 0.7773292531684299 0.1266621868226837 0.08142674300075814
1 0.4029942300129771 0.8040825598316189 0.1290196734571472 0.07908441607508898
1 0.1964153142629629 0.8395791980630609 0.12988541367906475 0.08228868659055044
1 0.6243424303845617 0.8585780230916086 0.11675329156251713 0.06688769593720068
1 0.4126362774083374 0.8933429671323876 0.1281539332352299 0.07588014555962785
1 0.21294513899924755 0.9209819310360232 0.12406548549719601 0.07181585363224707
1 0.22815574724898036 0.9857860042682469 0.12233400505336167 0.028427991463506275
1 0.4285809572446083 0.9694188866446132 0.12233400505336206 0.06116222671077376
1 0.6285644925953364 0.9455036398550467 0.13373516606633962 0.07440168440162509
1 0.14420022707271235 0.07966428571590393 0.1582679298555987 0.09879512467740235
