2 0.6523046092184369 0.7695386773547095 0.014028056112224574 0.0200404809619239
2 0.6893787575150301 0.7675354709418838 0.01603206412825653 0.02004048096192379
1 0.7645290581162325 0.7725446893787575 0.03006012024048088 0.010019639278557091
1 0.7675350701402806 0.7905807615230462 0.024048096192384794 0.010019639278557091
1 0.7705410821643286 0.8076152304609219 0.026052104208417082 0.008016432865731393
1 0.7695390781563127 0.8246496993987977 0.028056112224449037 0.010019639278557091
0 0.6623246492985972 0.7334665330661323 0.030060120240480992 0.012024048096192397
0 0.6933867735470942 0.7525054108216434 0.03206412825651295 0.010019639278557091
0 0.6613226452905812 0.7555114228456913 0.03206412825651306 0.012024048096192397
4 0.8837675350701404 0.07515010020040079 0.23246492985971934 0.15030020040080158
