2 0.5815122521571481 0.06762869044043068 0.06568244347431473 0.054985096644812104
2 0.5915797364937521 0.15495171918817582 0.06729300085460466 0.0489842933240649
2 0.5992667963204659 0.2385961722688782 0.06134780927232897 0.04920558437549802
2 0.6060182244275438 0.3199193830441812 0.06381118003504305 0.04977409820475581
2 0.613870920928682 0.3950676864356722 0.06482963009189091 0.04841577949480713
2 0.6188339039337003 0.4675003377555711 0.05845796786059776 0.04535191929708532
2 0.6216058344704891 0.5328271337019577 0.05968965324195474 0.04563617621171412
2 0.6269476894744404 0.5984062109572228 0.060708231214414154 0.044278842850070554
2 0.6318632017449856 0.6607011223116378 0.054336568983121 0.041214982652348686
2 0.6398579274689229 0.7222853913794808 0.05947654583305717 0.04399458593544181
2 0.4488888872461062 0.907594905982908 0.05040505304353676 0.07535495055251606
2 0.43827676632053353 0.8356206156407029 0.04997858239451902 0.0720697993033611
2 0.42428925036423604 0.7669614814567931 0.05265518848174172 0.0742808887571963
2 0.41501536852446896 0.6955237293380953 0.05907432144750796 0.08691397509114429
2 0.40004487802967403 0.6144065982316076 0.06276937759157847 0.08776674583503097
2 0.3857967839300064 0.5339681338059414 0.05805574347504833 0.08827130845278774
2 0.37235403247828924 0.44996124656479675 0.05997447764879321 0.10305153302907016
2 0.3559739688803675 0.35309998193827097 0.0675778252614434 0.10639965014142083
2 0.3422705113696685 0.25731277910706496 0.06907021670178215 0.11789570881685324
2 0.3266720550524612 0.15181422168231845 0.070941480141054 0.1231067072569095
2 0.4506109712139789 0.17818317643414022 0.054905323919946625 0.07320682696187655
2 0.4602521128171767 0.2622220392810355 0.05414757992208036 0.08577694743262868
2 0.4509182541305822 0.11214573820118151 0.07740718996444135 0.062470150401899516
0 0.5008156780259811 0.3450441443830867 0.10670693305802409 0.058080514592189214
0 0.514388846464995 0.43494168209341477 0.11210748805133086 0.07207093428778061
1 0.5196357600000001 0.48024527941771233 0.10156695620808798 0.055300911309096146
2 0.5387277772878832 0.5637947910294684 0.08522364498598883 0.06745985779052277
2 0.5481319481993356 0.6411222082690442 0.07821240469678059 0.05946925606737341
2 0.5587678044921449 0.7181653685939913 0.07655437658201769 0.055900833251894544
2 0.5677218973029547 0.7871397499499753 0.07655437658201769 0.055900833251894544
2 0.5765931717765523 0.860362206150565 0.07392524122926813 0.06325896993428515
1 0.3012027646045221 0.7031845896348768 0.06878539229494335 0.06048035199949742
1 0.3126793111480212 0.7622735123342557 0.073498898495862 0.05997480403343536
1 0.3283839381890572 0.8246156106770388 0.08420519492914075 0.06881817650047117
1 0.3369707712364362 0.8809888813048254 0.08238140222434198 0.07317640419664129
1 0.34504844321319716 0.9383260608763677 0.07868634608027142 0.07232363345275428
1 0.23452139288755985 0.2432768748997345 0.08062830472502125 0.05046854376040516
1 0.2468507528134828 0.30893511474911817 0.07548845579069655 0.04768992582561715
1 0.2582444810197697 0.37227211229310264 0.07264608511343817 0.05340548688343044
1 0.2725041873549399 0.43325589192593733 0.07757282663886564 0.05454251454194592
1 0.2835781265322693 0.49412951870720806 0.07323819243688012 0.04876300227263186
1 0.2906372205365706 0.5533925454696517 0.07897027661025818 0.04690012094492646
