3 0.5818749999999999 0.375833 0.03874999999999995 0.015000000000000013
3 0.58125 0.39833299999999994 0.03749999999999998 0.013332999999999984
3 0.580625 0.42333299999999996 0.036250000000000004 0.013332999999999928
3 0.619375 0.444167 0.03874999999999995 0.014999999999999958
3 0.6187500000000001 0.4675 0.039999999999999925 0.014999999999999958
3 0.6181249999999999 0.4916670000000001 0.03875000000000006 0.016667000000000043
3 0.580625 0.445833 0.028749999999999942 0.015000000000000013
3 0.57875 0.470833 0.030000000000000027 0.015000000000000013
3 0.578125 0.495 0.03125 0.01333300000000004
3 0.5393749999999999 0.42333299999999996 0.03375000000000006 0.013332999999999928
0 0.548125 0.45666699999999993 0.03624999999999989 0.013332999999999984
2 0.5349999999999999 0.481667 0.015000000000000013 0.030000000000000027
2 0.534375 0.5125 0.016249999999999987 0.02833299999999994
2 0.5325 0.545833 0.01750000000000007 0.03500000000000003
2 0.531875 0.58 0.016250000000000098 0.03333300000000006
2 0.571875 0.535 0.016250000000000098 0.026666999999999996
2 0.5700000000000001 0.561667 0.01749999999999996 0.023333000000000048
2 0.5700000000000001 0.589167 0.015000000000000013 0.028333000000000053
1 0.6212500000000001 0.521667 0.025000000000000022 0.01333300000000004
1 0.6243750000000001 0.5541670000000001 0.028749999999999942 0.015000000000000013
1 0.62375 0.578333 0.030000000000000027 0.016666999999999987
1 0.624375 0.603333 0.026249999999999885 0.016666999999999987
