3 0.038461538461538464 0.16794923076923074 0.07692307692307693 0.038461538461538436
3 0.03974358974358974 0.22692307692307692 0.07948717948717948 0.028204615384615384
3 0.03974358974358974 0.28589692307692305 0.07948717948717948 0.028204615384615384
3 0.14871794871794872 0.28076923076923077 0.12307692307692308 0.023076923076923106
3 0.2692307692307692 0.33461538461538454 0.12307692307692306 0.028204615384615384
3 0.038461538461538464 0.4499999999999999 0.07692307692307693 0.028204615384615273
3 0.038461538461538464 0.39487230769230763 0.07692307692307693 0.03076923076923077
3 0.03333333333333333 0.34487230769230764 0.06666666666666667 0.028204615384615384
2 0.1641025641025641 0.4256415384615384 0.046153846153846156 0.07692307692307687
2 0.16538461538461524 0.5 0.05384615384615385 0.0717953846153846
2 0.04871794871794864 0.5551276923076923 0.04615384615384601 0.05384615384615388
2 0.051282051282051135 0.6115384615384616 0.05128205128205128 0.058973846153846154
2 0.051282051282051135 0.6679492307692307 0.05128205128205128 0.04871846153846138
2 0.05384615384615392 0.7192307692307692 0.04615384615384601 0.03846153846153855
2 0.16923076923076907 0.5756415384615384 0.06666666666666668 0.07948769230769237
2 0.1717948717948718 0.6525646153846154 0.07692307692307693 0.07435846153846137
2 0.1679487179487178 0.7115384615384617 0.0641025641025641 0.0487184615384616
2 0.3089743589743592 0.4948723076923076 0.06923076923076937 0.06153846153846154
2 0.30641025641025643 0.5589738461538462 0.07435897435897437 0.06153846153846154
2 0.30512820512820515 0.6192307692307693 0.07179487179487182 0.058973846153846154
2 0.30256410256410254 0.6794876923076922 0.06666666666666665 0.056410769230769264
2 0.2987179487179487 0.7307692307692308 0.05897435897435899 0.05128153846153827
0 0.12307692307692293 0.3641030769230769 0.11794871794871795 0.03076923076923077
0 0.2576923076923078 0.4474353846153847 0.12564102564102578 0.03333384615384616
