3 0.6794298808621075 0.1675480375898278 0.07065812617344591 0.044019789506756835
3 0.6110715167371805 0.14888756631863342 0.0692472438920333 0.04194097146398404
3 0.6693347104520417 0.22034442422914774 0.06835600192894031 0.043422447263126385
3 0.6016817095373593 0.20094374899567097 0.06323226898253265 0.03866853680852814
3 0.5303719045614123 0.18613470097137358 0.07180918829569888 0.04431846062857206
3 0.5261596705766654 0.2109020829309835 0.08395138718308404 0.044044617001201686
3 0.5202051549410216 0.2721620094277244 0.08153716973111796 0.050267055570431096
3 0.6059547145178097 0.23714843434634264 0.08268823185337093 0.05056572669224632
3 0.7532391880934957 0.32893435006705757 0.07411131254020453 0.044915802872202426
3 0.6734822959535005 0.3147042906342013 0.07552219482161737 0.046994620914975194
3 0.5971404383791148 0.28935395258428775 0.08190892723681487 0.045226353803951236
3 0.7428843533851931 0.38350981575275733 0.0728483130714146 0.05143798043782466
3 0.6668403119101931 0.36839669063896674 0.07322007057711155 0.0463972786713448
3 0.5898489818683699 0.3474961859541583 0.06835600192894031 0.04342244726312644
3 0.5124121087754616 0.32555573831067475 0.06824406458240329 0.050243295950563815
3 0.5053804724238761 0.3819178247595877 0.06464299540302204 0.04074628697672317
3 0.5816103926517247 0.3998499718784335 0.0651626357213414 0.04430658081863831
3 0.6561696104390007 0.4210437417173791 0.0651626357213414 0.044306580818638364
3 0.7333647140362538 0.436455537952985 0.06144962919542307 0.04163042053223526
3 0.7212270836799186 0.48687550330229445 0.06144962919542307 0.04163042053223526
3 0.6452569836112299 0.46716320926249116 0.06427123789732525 0.04578698874320308
3 0.5710695233296506 0.45160748343365575 0.0637517534399289 0.04222776277586565
3 0.4920919358062115 0.4320380511125045 0.06286051147683558 0.043709238575007914
3 0.7110760225270459 0.5359622605387916 0.059779082615774026 0.03777252344308257
3 0.6343266178418011 0.5215893393872834 0.06312017577507212 0.04548831762138783
3 0.5625150673501156 0.5020328547506434 0.05710520086557125 0.04221588296593187
3 0.7000894542929637 0.5866808970099164 0.0592594422974545 0.03421222960116743
3 0.6901421666955204 0.630278945797211 0.059779082615774026 0.03777252344308257
1 0.7025330658055977 0.729548532060026 0.06323226898253254 0.03866853680852822
1 0.694925898392886 0.7857612829480315 0.06055838723232987 0.043111896331377464
1 0.6852764268948284 0.8395965446714488 0.06479087821564466 0.04934728258511811
1 0.6782447905432429 0.8959586311203619 0.061189809036263365 0.0398502736112778
2 0.5943534833123968 0.7217974690461577 0.040914027551733456 0.0602750444946335
2 0.5874695739125109 0.7689622855176229 0.0401347229351775 0.0549356716063385
2 0.5332686808956337 0.6533024948593504 0.04388351906625798 0.0730326083139965
2 0.5223023696601192 0.7243451537672358 0.04555406564590714 0.07689050540314912
2 0.44482277623501193 0.6331238404846351 0.0460379163590644 0.06503002282380954
2 0.43797701863627503 0.6923049489386033 0.0448868542368116 0.06473135170199429
0 0.5573064289218521 0.603200622158623 0.08038610760886511 0.049968384448616066
0 0.47684401771068896 0.5897118345626268 0.08320787217169023 0.05412602053416138
0 0.49222869868236635 0.517044838136947 0.07886328798091535 0.05471041509328056
1 0.6328510870771005 0.6421980635510893 0.0640115735990886 0.04400790969682322
2 0.4176041413683367 0.3776144273311055 0.07927083509177457 0.06509048974805531
2 0.40656404458743417 0.45325518729042596 0.0754458912193191 0.06923517814908964
2 0.3972505409899111 0.5293439539324691 0.08272402145853314 0.06598650311350102
2 0.38806686954150615 0.6045431810513222 0.07875135063437838 0.06153126378071805
