2 0.16682582452501574 0.042543658963599414 0.11397202582860888 0.07453754302481476
2 0.1418397640254678 0.15998045970125874 0.10461298680498758 0.07427032354685285
2 0.11873792426598173 0.2742241279183672 0.10859393984177422 0.07529800070604664
2 0.09472945896315815 0.3796459973614492 0.10999107279182252 0.07350986586562108
2 0.07588485828215791 0.48149593489016734 0.09944534663151215 0.06863869954761437
2 0.061698536466321355 0.5735095555674344 0.10143582314990543 0.06915253812721156
2 0.047327421715577696 0.6656450563487164 0.09465484343115539 0.06736578419465622
2 0.03605398125005763 0.7531809480564403 0.07210796250011527 0.062494617876649894
2 0.027069826347539246 0.8394322433151725 0.05413965269507849 0.0668519456150598
2 0.31937033723665764 0.9827151152785166 0.09021863006805786 0.03456976944296675
2 0.3525377006095982 0.9221969718341212 0.09479292667318934 0.10825720044404186
2 0.3783429847757527 0.822145469333992 0.10690752585526575 0.12642360688684506
2 0.4149647957839161 0.7089426373578462 0.11287895541044529 0.12796512262563542
2 0.4502957296203622 0.5966324433551105 0.10551003697026295 0.12821036081939985
2 0.4848242279484992 0.4792088016992202 0.11084906128050198 0.14892397887598996
2 0.5260875296635288 0.34389780228724776 0.12338526395920563 0.15430898377359314
2 0.5627799543901258 0.20985962026322263 0.12753795706770932 0.1704200358980086
2 0.6040261120119034 0.07559867860124986 0.13130810835618179 0.15119735720249972
2 0.39581334590353234 0.08821506779037531 0.09818053614163086 0.10698290418321318
2 0.367547641522223 0.20603066792184777 0.09894561978169303 0.12436825256845749
2 0.4050277509442588 0.021019791633660183 0.13205805456586478 0.042039583267320366
0 0.2884809841580578 0.3193068837371047 0.17766727441719016 0.09098037757191352
0 0.25287034466321373 0.44503848558742465 0.18838438471426433 0.11093353794727162
1 0.23755116127082412 0.5085458947267183 0.16911202477527315 0.08662304983350377
2 0.19377636299583917 0.6248082000583556 0.14518724487795906 0.10193106261616336
2 0.16688929359793198 0.7331662827321901 0.1328618439475691 0.09015535694596055
2 0.13801345748998034 0.8410105268264279 0.12968503622744063 0.08503895243418935
2 0.11309801070886578 0.9376119775162075 0.12968503622744063 0.08503895243418946
1 0.5648517275467186 0.843347940851852 0.11812471893711296 0.0906485951492303
1 0.5372328363589354 0.9257572258246528 0.12549328144234095 0.09040197604759537
1 0.5021644640876357 0.9802579713439293 0.14379011192791064 0.03948405731214133
1 0.7424860292711011 0.19986480724111055 0.1352739239625892 0.07788779398035772
1 0.7124941197448942 0.29147469038175056 0.12671903025562592 0.07353184714981814
1 0.6843864309587487 0.3798914410018399 0.12312026310391655 0.08119546327537652
1 0.6519001689658377 0.4647231006257962 0.13108216917748927 0.08325081759376374
1 0.624682317564732 0.5496897994355363 0.12333106485223022 0.07480476250277668
1 0.6043206036787986 0.6327479621737173 0.13209711624246112 0.07277138946858663
