1 0.566875 0.376667 0.026249999999999996 0.020000000000000018
1 0.5675000000000001 0.401667 0.025000000000000022 0.020000000000000018
1 0.5687500000000001 0.42499999999999993 0.025000000000000022 0.023332999999999993
1 0.568125 0.4474999999999999 0.02375000000000005 0.018332999999999988
1 0.5662500000000001 0.47166699999999995 0.025000000000000022 0.023332999999999993
1 0.5675 0.49750000000000005 0.022499999999999964 0.021666999999999936
1 0.568125 0.518333 0.026249999999999996 0.020000000000000018
1 0.5675 0.5408329999999999 0.022499999999999964 0.021666999999999992
1 0.5675000000000001 0.563333 0.025000000000000022 0.023333000000000048
1 0.56625 0.586667 0.022499999999999964 0.020000000000000018
1 0.5675000000000001 0.61 0.025000000000000022 0.026666999999999996
3 0.495 0.35 0.030000000000000027 0.013332999999999984
2 0.461875 0.406667 0.036250000000000004 0.030000000000000027
0 0.464375 0.384167 0.04625000000000001 0.015000000000000013
2 0.463125 0.43499999999999994 0.036250000000000004 0.02666699999999994
2 0.463125 0.4625 0.036250000000000004 0.024999999999999967
2 0.46499999999999997 0.49 0.03750000000000003 0.030000000000000027
2 0.504375 0.375 0.028750000000000053 0.016666999999999987
