2 0.38406598679661225 0.08183451264668651 0.06311165635333282 0.04677127859663144
2 0.38110447611526943 0.1700949487767044 0.06528892948370996 0.040329520948639286
2 0.3802126835826527 0.25435663131539543 0.05913098676186651 0.04146371914134314
2 0.38006375110098756 0.3361763077772171 0.061625936251429536 0.04167549279211785
2 0.37832159118483955 0.4120149398721131 0.06279397999414676 0.04011774729786455
2 0.37923319511331177 0.4847390789582985 0.056477175268174695 0.037924680851287196
2 0.381749641822248 0.550084256401182 0.05772465001295629 0.03803056767667434
2 0.38173144736512477 0.6160489773632132 0.058892741404744875 0.0364738201622169
2 0.3818720672630588 0.6786874316657587 0.05257593667877286 0.034280753715639545
2 0.37889400029903886 0.741061168904836 0.057645266659963446 0.03636793333682964
2 0.5837097912166025 0.8978948400536064 0.04559076196721745 0.0701324711114516
2 0.5884515153161436 0.8248158745117419 0.04543189996308883 0.06680520647217048
2 0.5968165886205399 0.7545485209558066 0.04800628045471633 0.06868061244258583
2 0.600271146298803 0.682194985758477 0.05355210115015008 0.08074759002202825
2 0.608608047974541 0.5994009393218285 0.05729452538449464 0.08106525049819047
2 0.6162815206013919 0.5173852666424088 0.052384009758361216 0.0823043375364857
2 0.6228663328385187 0.4319374404781161 0.05309874582972629 0.09727403447386435
2 0.6313339725387987 0.3332884385416771 0.060663025300479845 0.09957298774582918
2 0.6372272317474512 0.23609129527410408 0.06121894701678732 0.11121641802372223
2 0.6442207190427376 0.12896729746097235 0.06270466711869027 0.11631220382823582
2 0.52312961103665 0.17296562064963725 0.0504217989422151 0.06722875377371978
2 0.5203269147103645 0.25789979012016967 0.04856220217102375 0.0803240427204788
2 0.5174944774657599 0.1073557261432854 0.07457717441348821 0.05271415900424398
0 0.4866831501033131 0.3460609485177599 0.10520812131671925 0.04371789936103537
0 0.48044409055588777 0.43738393222359073 0.10958585062036447 0.05734162445493535
1 0.47888392803768787 0.48317728361834245 0.10013879133552878 0.04163071973984511
2 0.4666457401234763 0.5689809342181102 0.08222083723723472 0.05667574661605379
2 0.46353698278398603 0.6472086289771819 0.07566578715414113 0.049492781190349944
2 0.45918075069971404 0.7253304369108664 0.07425949805430221 0.04606062770547714
2 0.45584531570001174 0.7951890226186329 0.07425949805430221 0.04606062770547714
2 0.4529350643920751 0.8692591335482969 0.07091413353213644 0.05405913286792652
1 0.7140411611279548 0.6734817798591705 0.06584485120001737 0.05197295122653234
1 0.7074001009316544 0.7338742243024449 0.07075531917707922 0.050732866208441196
1 0.6968180628203844 0.7981075900787609 0.08105279349451744 0.05823349211030704
1 0.6928307664687048 0.8553855415133245 0.07879608936207616 0.06301161743865846
1 0.6894274681638478 0.9135487515103 0.07505366512773137 0.06269395696249658
1 0.7432179047916185 0.20667728568058102 0.07893172067424248 0.039830643708259755
1 0.7362591682361325 0.27372326142262227 0.07386243834212358 0.03774446206686549
1 0.7300432917315979 0.33832723108779417 0.07043764281789344 0.04407933490967436
1 0.7207881593671738 0.40100285136985697 0.07542754179701938 0.04450288221122378
1 0.7146914055411999 0.46311187154546574 0.07144687220555312 0.0391953227559354
1 0.7124561986281319 0.5230436027076735 0.07752543157440395 0.036398490223386926
