0 0.5286889344262296 0.03790983606557377 0.35245942622950827 0.07581967213114754
0 0.549179918032787 0.16905737704918034 0.32786926229508195 0.07991803278688525
2 0.5112704918032787 0.27459016393442626 0.24385204918032788 0.13934426229508193
2 0.5235655737704918 0.4129098360655738 0.2315569672131147 0.14139344262295084
2 0.5502053278688523 0.5379098360655739 0.22745901639344257 0.11270491803278693
2 0.5635245901639344 0.6424180327868853 0.22950860655737704 0.10450819672131151
2 0.582991393442623 0.7530737704918031 0.20696680327868866 0.1045081967213114
2 0.590164344262295 0.853483606557377 0.2090163934426228 0.10040983606557363
1 0.9446718237704917 0.8647540983606556 0.1106563524590165 0.045081967213114416
1 0.9354508196721312 0.7725409836065571 0.12909836065573754 0.04508196721311475
1 0.9354508196721312 0.6854508196721312 0.12909836065573754 0.047131147540983576
1 0.9303277663934427 0.5870901639344263 0.13934446721311455 0.05122950819672134
1 0.9293029713114754 0.4948770491803278 0.14139405737704913 0.051229508196721285
1 0.925204713114754 0.375 0.14959057377049179 0.049180327868852514
1 0.9252050204918032 0.2684426229508196 0.1495899590163935 0.05327868852459003
3 0.9395493852459016 0.13217213114754103 0.1209012295081967 0.07172131147540994
1 0.912909631147541 0.013319672131147538 0.17418073770491804 0.026639344262295077
