3 0.605 0.3166669999999999 0.040000000000000036 0.013332999999999984
3 0.558125 0.313333 0.046250000000000124 0.013332999999999984
3 0.60375 0.345833 0.04249999999999998 0.011666999999999983
3 0.5549999999999999 0.343333 0.04249999999999998 0.013332999999999984
3 0.505625 0.34166699999999994 0.04125000000000001 0.013332999999999984
3 0.51125 0.364167 0.04749999999999999 0.015000000000000013
3 0.565 0.365833 0.04500000000000004 0.015000000000000013
3 0.51 0.395 0.040000000000000036 0.016666999999999987
3 0.5625 0.396667 0.040000000000000036 0.013332999999999984
3 0.6125 0.401667 0.040000000000000036 0.016666999999999987
3 0.6643749999999999 0.4325 0.03874999999999995 0.015000000000000013
3 0.61375 0.430833 0.04249999999999998 0.018333000000000044
3 0.5625 0.426667 0.04249999999999998 0.016666999999999932
3 0.510625 0.424167 0.04125000000000001 0.015000000000000013
3 0.51125 0.455 0.04249999999999998 0.020000000000000018
3 0.561875 0.4575 0.043749999999999956 0.015000000000000013
3 0.613125 0.4625 0.04125000000000001 0.014999999999999958
3 0.6643749999999999 0.4625 0.03874999999999995 0.014999999999999958
3 0.660625 0.4925 0.03875000000000006 0.015000000000000013
3 0.6068749999999999 0.4908330000000001 0.043749999999999956 0.018332999999999988
3 0.556875 0.488333 0.04125000000000001 0.016667000000000043
3 0.5056249999999999 0.486667 0.03875000000000001 0.020000000000000018
3 0.6074999999999999 0.521667 0.039999999999999925 0.01333300000000004
3 0.65875 0.52 0.04500000000000004 0.016666999999999987
3 0.656875 0.5525 0.043749999999999956 0.018333000000000044
3 0.656875 0.5808330000000002 0.036250000000000115 0.015000000000000013
1 0.61375 0.585 0.03500000000000003 0.020000000000000018
1 0.6675 0.6275 0.04499999999999993 0.015000000000000013
1 0.66625 0.6591670000000001 0.05500000000000005 0.018333000000000044
1 0.665 0.6925000000000001 0.057499999999999996 0.018333000000000044
1 0.6681250000000001 0.726667 0.05874999999999997 0.016666999999999987
2 0.5968749999999999 0.6325000000000001 0.02124999999999999 0.028333000000000053
2 0.5525 0.601667 0.02499999999999991 0.040000000000000036
2 0.494375 0.6 0.026250000000000107 0.03333300000000006
2 0.49312500000000004 0.635 0.026250000000000107 0.033332999999999946
0 0.563125 0.5708330000000001 0.0462499999999999 0.018333000000000044
0 0.513125 0.5725 0.04874999999999996 0.021666999999999992
0 0.516875 0.5325 0.04625000000000001 0.018333000000000044
2 0.4593749999999999 0.463333 0.04625000000000001 0.026666999999999885
2 0.45875 0.505833 0.04999999999999999 0.024999999999999967
2 0.45687500000000003 0.548333 0.05125000000000007 0.026666999999999996
2 0.458125 0.589167 0.043749999999999956 0.025000000000000022
