2 0.36679608434104594 0.1986522993980759 0.1691793771117458 0.08148954123856311
2 0.35277846763864673 0.26421306561283475 0.20853726727637278 0.10698472953669019
2 0.35519720039788183 0.32502772577104755 0.19787213290288108 0.10446253297649172
0 0.3366923120812726 0.39923976771050945 0.2292983261222083 0.08255476657617211
0 0.3354436494774848 0.45894104838053995 0.22574363683552376 0.08171411846265814
2 0.3665020223884008 0.5034160592560847 0.18612851238438377 0.09662670883784186
2 0.35585785945422344 0.5580402751553768 0.1868268376260021 0.09173327920631935
2 0.35926446106571563 0.6108105134560367 0.1856842920079757 0.08943964810830474
2 0.36505558107973546 0.6606886333306041 0.17394067148947834 0.08160382396965471
2 0.36751742395974685 0.7128938203640113 0.171464468347799 0.08607680343459245
1 0.11568566158171176 0.7301849800906426 0.11077524292275087 0.05553696979641254
1 0.10934425410339446 0.6837556633703481 0.1091895434417533 0.04605653018851663
1 0.10844705337472371 0.6384230131237338 0.10861827063274004 0.0449097146395091
1 0.10499627512901825 0.5942622579797012 0.10258631169093843 0.048541793771276764
1 0.09515546488874788 0.5484397951265567 0.10741166554169224 0.045636080021931646
1 0.08580965558804318 0.4985951113128141 0.10849015168669768 0.050949707600383254
1 0.08818537895521206 0.4503619861328567 0.11331550553745146 0.04804399385103819
3 0.05546116204786491 0.40161738071867326 0.11092232409572982 0.06692378729474352
1 0.10741512824609761 0.3382632284762561 0.12785249714143132 0.06463414443481752
0 0.07205777558864772 0.30495884040559557 0.14411555117729544 0.07070708213504096
0 0.10790732398608056 0.2564080375364264 0.21581464797216113 0.08752155772325934
