2 0.3388231905206086 0.29959734676556865 0.0943414895887138 0.035348125401321595
1 0.3549649724171747 0.39121856288656087 0.0845354378219284 0.04142429677741838
3 0.3182389655780361 0.47124700853202506 0.11964100086164181 0.0457759432734447
1 0.3754538326428819 0.515898643357757 0.07105290172972983 0.03619604513215169
1 0.379014388503975 0.5777286330364317 0.07078506402281526 0.027448351269392712
1 0.3958852990742502 0.638704218001219 0.07745030687801674 0.027563144597449907
1 0.4026249263764866 0.6954781374176435 0.07423197317087288 0.031254750979820334
1 0.4083011983091912 0.7447683934504754 0.07593679634834283 0.032533124168191874
1 0.41081852980197403 0.7997395378033304 0.07086158908193363 0.02994769237303818
1 0.41901327410310363 0.8496115837663196 0.06760599258167216 0.03238964542172418
1 0.4188782143740042 0.899627091257638 0.06419634622673215 0.02983289904498121
1 0.17234660417488673 0.5250231765562503 0.05389288157567651 0.019663353247382886
3 0.1831788896572866 0.47044728082319226 0.08248725161486675 0.02889890584078081
1 0.18082574408939334 0.39359254188609627 0.06593943193376128 0.03236094278517526
2 0.1463829207344819 0.3304189332379426 0.04534949328434622 0.06697865283362886
1 0.18408491368441376 0.5817110052811666 0.05075207266409287 0.02585431795153692
1 0.19843735188626382 0.6421048003157965 0.055789017400942775 0.027190079194867822
1 0.20922709361493722 0.6950579773125882 0.044239879927128134 0.030738206830770665
1 0.21339085475440953 0.7493756009711214 0.046174278281953696 0.03951460333007828
1 0.2225532981011728 0.8036071339381464 0.05461986963730214 0.043407093732014124
1 0.22989713041822968 0.8528686701162912 0.04950639984133365 0.039571991385037864
1 0.2338695789099058 0.9009379410157108 0.05090512278232978 0.030853000158827748
2 0.5429739349639472 0.5967855775101041 0.09181288115007785 0.06153381893463872
2 0.5515331730323312 0.6585294764972707 0.09169809356140013 0.05778480727917079
2 0.5556395403774648 0.7109725943280697 0.08359686497208474 0.06513935184363917
2 0.5591608339725572 0.77155293067306 0.083788177619881 0.07138770460275246
2 0.557550526243343 0.8278454935600409 0.08007243102846706 0.05883359381142794
0 0.5322979810875101 0.5475814293869188 0.11328285797935556 0.055658531578107295
0 0.5310081908891484 0.4782103538334155 0.11468058118391011 0.04693952313375899
0 0.5241920385277936 0.4189370933133456 0.09744503570717994 0.027907507363483075
2 0.5618857444125656 0.3432681346719174 0.08108852867387062 0.037617897066990924
1 0.695580645951477 0.21780809130090362 0.05954202678547449 0.04099384331987699
1 0.6913934723230575 0.2716443756481315 0.05446681951906518 0.03840841152472324
1 0.6954424458738522 0.32221298765119655 0.0560951176374167 0.03718744360944953
1 0.6936216942320622 0.3716323625031526 0.05613338016697589 0.03843711416127216
1 0.5323088252871297 0.221245233978178 0.05594206751917963 0.032188761402158705
1 0.43919173664431166 0.22910060723940023 0.04571512792724286 0.024518556708205907
1 0.536376930102704 0.27243868125715454 0.050713810134533466 0.024604647399714186
1 0.4456826575044128 0.2777516680689771 0.045715127927242805 0.024518556708205852
