1 0.09752321981424149 0.3544891640866873 0.10216718266253869 0.05882414860681112
1 0.10371517027863777 0.4287925696594426 0.09597523219814241 0.05882414860681118
1 0.1083591331269349 0.49380804953560353 0.09287925696594446 0.06501547987616102
1 0.10526315789473711 0.561920123839009 0.08668730650154817 0.05882414860681118
1 0.1083591331269349 0.6176476780185758 0.09287925696594446 0.058824148606811066
1 0.1160990712074306 0.6873071207430339 0.08978328173374632 0.06191888544891644
1 0.11919504643962875 0.7461294117647059 0.08359133126935003 0.06191888544891622
1 0.1160990712074306 0.8111448916408668 0.08359133126935002 0.0681120743034056
1 0.12074303405572755 0.8730656346749226 0.09287925696594426 0.06191888544891633
1 0.12693498452012383 0.9334371517027864 0.08668730650154799 0.05882414860681129
1 0.12538699690402477 0.9829719814241487 0.08359133126934984 0.03405603715170269
