1 0.37677987296513593 0.7868787016360079 0.04170780206698399 0.040253764446963713
1 0.3830080658393473 0.8331378469400391 0.03744752170433102 0.03572108522256556
1 0.38862570635633764 0.8795884870221656 0.03744752170433108 0.03572108522256556
1 0.39729610865943493 0.9250816532138153 0.036226416989888155 0.03533809566637469
0 0.2935683833293449 0.8192267282895404 0.05790772918630804 0.04053954479255206
0 0.3004071285607779 0.8652943788154761 0.05790772918630799 0.04053954479255206
0 0.3063367487714391 0.9098611612342502 0.0621681886567374 0.04507323923163842
0 0.313935422245757 0.956584006032063 0.06249375448830513 0.04038015534674633
0 0.22752011127746097 0.8283358592721073 0.056388230916091214 0.038465207565792414
0 0.23145529150067393 0.8762066575238046 0.05790772918630799 0.04053954479255217
0 0.23739849784923184 0.9171982346086573 0.0548685535380978 0.03638985512434478
0 0.2449969922157732 0.963920064191782 0.05638823091609116 0.0384652075657923
