3 0.7650255442623912 0.23488744165776948 0.2547415732783559 0.13210116035769504
1 0.8416397561743388 0.35127668774858367 0.15717570698319028 0.10198946324990626
1 0.8169782540543696 0.4712259635696411 0.15495842794646753 0.09449765554933176
1 0.7983354041821027 0.5765242058887496 0.16320894014435317 0.08999129939275274
1 0.7893102252231035 0.6987238576549423 0.1452294340868947 0.09400847433116777
2 0.5246539723367791 0.061776365900615096 0.24073730326520537 0.12355273180123019
2 0.4769644649592556 0.1952022193130831 0.33556602832568827 0.23518020304473292
2 0.4634260849439126 0.35344423592732244 0.3310709300834205 0.23618374759856658
2 0.4504761350826888 0.5004500393522403 0.32140247639267033 0.21970740642542025
2 0.41632776789915316 0.6010001370388418 0.1750946728718259 0.11395944826647397
0 0.11979965465165583 0.21042458812553902 0.23959930930331166 0.17986838506162178
1 0.08045653819243997 0.301081128572416 0.16091307638487995 0.13115397348503338
1 0.07326379504138175 0.45491374662974726 0.1465275900827635 0.11843762558246684
1 0.07407387358065935 0.6099124781463492 0.1481477471613187 0.11792026552371715
1 0.06866500400728619 0.7447650167566893 0.13733000801457237 0.12492439036766712
