2 0.28667010263763326 0.25888970799817895 0.11024852998173335 0.09867877385013454
0 0.25561504455400197 0.34801632590703324 0.16806711601679583 0.11876589172147733
0 0.25759081360175234 0.42676710251132755 0.16459713799243147 0.12446699216117008
2 0.27859666701670505 0.4839587161302801 0.13319452061256326 0.1394009159288871
2 0.2794884627025708 0.5497630477220306 0.1310230112418927 0.12951249262678732
2 0.2789142978118103 0.6267549697770101 0.12973611164870108 0.1288426148015951
2 0.2766127240874484 0.6907367810235698 0.1312183716194974 0.1333678595844221
2 0.27683719040396765 0.7579870684789956 0.11884326470985263 0.12817689289413725
2 0.27747593392180536 0.8096879464469837 0.12003815643511634 0.1111130957642672
1 0.10177736788548952 0.7760593039723866 0.07960245843685955 0.057478331628084356
1 0.10072295406899262 0.7287227010362989 0.08857786988359229 0.07488591116355903
1 0.09380135746089303 0.6774379736813521 0.08491253148162295 0.0767316446456171
1 0.09351719937493606 0.6139590252279343 0.08194801154003042 0.06768115507996286
1 0.08678661069908591 0.5506063750861442 0.0798683978279109 0.06785011604017277
1 0.08844473462685208 0.48656180309266506 0.08323491113322176 0.06835103290515515
3 0.053793070994875174 0.41617593697581523 0.10758614198975035 0.10604236896055841
1 0.07460272547930073 0.3432014795414515 0.101343697548447 0.0877876117691136
0 0.05032349641767116 0.28808756980664607 0.10064699283534231 0.09716084035511421
0 0.08136973829990221 0.22392861590324298 0.16273947659980442 0.13032670208292807
2 0.18243357507666702 0.16714253941254711 0.04491547582562952 0.062168354418287886
2 0.03598963945358972 0.1362408265942619 0.050063074198395174 0.06484786571905701
2 0.11109420467185305 0.15489694594087283 0.04630554368588047 0.056635309889848495
