1 0.40263291019066083 0.5327614824345315 0.06713283039194534 0.05386468531655908
1 0.4089730897735977 0.5727842887888902 0.06392581957439042 0.03992254748926283
1 0.44494206432039207 0.7448719083437195 0.06089890309635915 0.03928904229393648
1 0.4525649712590125 0.7903271035242903 0.06759390730191733 0.04334347637597069
1 0.46874886402121285 0.8325224635026003 0.060257346990171434 0.036499945479091855
0 0.2647649887677023 0.5679686154410994 0.09960726120457353 0.044735513018339446
0 0.27566951828943637 0.6141496250426228 0.09960726120457339 0.044735513018339224
2 0.18164264515209402 0.7098913338633122 0.05392253146366266 0.05906277666099513
2 0.19511262938519527 0.7669371211172586 0.053922531463662826 0.05906277666099513
1 0.07498775066731118 0.5743315922371529 0.0675939073019173 0.04334347637597036
1 0.08485591154924371 0.6292955052131377 0.07493085247035484 0.05018868039631352
1 0.09260180541745945 0.681857531554227 0.07190393599232378 0.04955517520098651
1 0.10427087797497597 0.7378623816691932 0.062181630452043016 0.04486556280016196
1 0.11529839442630477 0.7911502224312352 0.07062082377994804 0.04397698157129737
1 0.13140844513633176 0.846204814753211 0.07126237988613573 0.04676607838614166
