2 0.3882052248850846 0.7509201211117171 0.008974848125449908 0.01577975473166915
2 0.4113322140060987 0.7487934522032427 0.01022612233715492 0.015810616928211174
1 0.45830896938932303 0.7515263493185238 0.018877071019603453 0.008244325723824497
1 0.46038021259940554 0.7654871233026532 0.015123248384488364 0.008151739134198643
1 0.46244066391172334 0.7786700381505586 0.01635293880066374 0.006626883058292732
1 0.46199856680063095 0.791914677391548 0.017625796807898553 0.008213463527282694
0 0.39407293215855993 0.7227516755711225 0.018898667770592792 0.009800977800757837
0 0.41367281918573795 0.7370591717443736 0.02012834523130852 0.008275187920366633
0 0.3936848204472109 0.739887478102202 0.020149941982297803 0.009831839997299752
4 0.5959102227873911 0.204005221854062 0.2882260042156789 0.1284620260922781
