2 0.6189645832676228 0.18907996264036947 0.21791339591815073 0.10244522212082802
0 0.3325634647262946 0.3004546849049975 0.20982508150085447 0.09200042397903024
2 0.5944914965907302 0.3508389663592135 0.24235054370074072 0.093892540353886
2 0.8075837106267134 0.4423161028794804 0.17244009914574787 0.09231918121594923
2 0.5006292220787364 0.5186033772940077 0.11148977913850272 0.11620274658750562
1 0.553605483794139 0.6221053005245563 0.16641616385476654 0.07451376989594971
1 0.5452362500058534 0.7659723484716832 0.14066904904444455 0.06054813111464574
1 0.5086025378429149 0.8994083958931234 0.149048467245681 0.07599700048938685
2 0.6756603588921812 0.8112171038828011 0.07410479678339599 0.11652150382442461
2 0.6855336342861721 0.943592866101739 0.057200408488953025 0.08312172945847096
2 0.2566494537062218 0.569683321693136 0.10794172723238413 0.1409320280786615
0 0.3233209195861876 0.4593339465509549 0.2346988849593555 0.09095384906150328
1 0.2230871588153927 0.6719167580754211 0.14375229141455048 0.07070176725174637
1 0.2199992733175018 0.7897307598875496 0.13153371752325546 0.07497810813521755
1 0.2148455074719263 0.8998930738479141 0.1384576168047899 0.06540662134524078
1 0.19070964788622713 0.9893812804467444 0.13860316869676004 0.021237439106511102
