2 0.6712487029641937 0.12665617219780306 0.049588060194915906 0.05889505503847979
2 0.6571236573670587 0.19927236266396822 0.06091227739544969 0.0789559132233516
2 0.6472632884419941 0.27634090594594407 0.06194469119911594 0.0775159492443078
2 0.6383533697932339 0.3471994591857076 0.05978306715213866 0.0788232911334365
3 0.7042318796865961 0.21746046226161325 0.04371630133164739 0.03635213516526578
0 0.5587631767384083 0.22088210723719387 0.10301589648918508 0.05268211352867605
1 0.5616866829306183 0.2654765011026807 0.04655538432363704 0.04605100903291359
1 0.5533711161311394 0.3450974727524566 0.04390989421093705 0.039497307303184126
1 0.5414026224965134 0.41954727662167485 0.04503910445424786 0.039629929393099284
1 0.42041609264666396 0.41241719869952453 0.04662006599585766 0.02888895781615336
1 0.28946960175437514 0.3827794427818776 0.031391785094871505 0.03646587824515718
1 0.2890578910519492 0.4538484770843942 0.03458588101176541 0.033719515739953465
1 0.2864102299350119 0.5151719752304142 0.028197689177977714 0.039212240750360894
1 0.705962973536515 0.27218765202355527 0.024229395942677145 0.02938074479279784
1 0.7011761584447109 0.322196303391763 0.025552199065277836 0.03265853902063143
1 0.6930093497828014 0.37180802988831807 0.026487816429299205 0.02964598897262838
1 0.688785857274973 0.42188299230148335 0.03326307788916505 0.03044172151211988
