2 0.1306122448979592 0.7612244897959184 0.2612244897959184 0.17959183673469392
2 0.6928571428571428 0.9510204081632654 0.06734693877551023 0.09795918367346934
2 0.6989795918367347 0.8397959183673469 0.07142816326530632 0.13673469387755088
2 0.8255097959183675 0.9673469387755101 0.05102081632653077 0.06530612244897971
1 0.9724490816326531 0.8693877551020407 0.05510183673469382 0.044897959183673564
1 0.9836736734693877 0.9632653061224489 0.03265265306122456 0.061224489795918435
0 0.575510612244898 0.930612244897959 0.17142857142857154 0.11836734693877549
0 0.759184081632653 0.7193877551020408 0.14693877551020385 0.07551020408163267
0 0.5428571428571427 0.6938775510204082 0.1551024489795919 0.07755102040816331
3 0.8479595918367346 0.3112244897959184 0.12449020408163258 0.04693877551020409
3 0.7040820408163265 0.3285714285714286 0.15102000000000015 0.057142857142857106
3 0.8448983673469388 0.4040816326530613 0.12653020408163274 0.044897959183673564
3 0.7040820408163266 0.4275510204081633 0.13877510204081644 0.055102040816326525
3 0.8326534693877551 0.4908163265306122 0.12244897959183665 0.05102040816326536
3 0.7030608163265306 0.5224489795918367 0.11632653061224507 0.057142857142857106
3 0.5295922448979592 0.5479591836734694 0.12857142857142856 0.06326530612244907
3 0.8244897959183674 0.5704081632653062 0.09795918367346945 0.05102040816326536
