2 0.8106674640442685 0.5557337466964913 0.07108229286712286 0.07462050481435367
2 0.7949869570557124 0.5984446288079674 0.06878084387848726 0.07057856716986566
2 0.5527853588621028 0.52422295435467 0.032670122610633956 0.03514962482361739
2 0.5433831200749304 0.5538745474511749 0.03365972256887595 0.03853419273072389
0 0.5221776097020275 0.5780611127916458 0.05086330967433089 0.03993281128771775
0 0.5117857709566132 0.6108335812407466 0.05447660769335938 0.04463211866958705
0 0.4871488903184745 0.5582174056584985 0.033636572917409735 0.02696701484252262
0 0.47689111809423546 0.5883202986354015 0.03544307347208475 0.029316160797497437
1 0.510352356874426 0.6310815154005502 0.026432829621140408 0.029134562495066296
1 0.47095292452542714 0.6070474234634591 0.02593817809685872 0.02744278627747254
2 0.501537815391648 0.6656200232048115 0.04071391615480224 0.04351383310714341
2 0.48956867938359716 0.6966264522987519 0.039896718648690876 0.044548239587355765
2 0.4805068121386782 0.7319449448521017 0.04482216260779093 0.04990593217852579
2 0.4712178325924714 0.7634861286717158 0.04351031357739771 0.04924856244114417
2 0.45886730430110434 0.7979421179869424 0.0413812670408929 0.04962559918397513
2 0.4610352269337632 0.6428181522534483 0.0326701226106339 0.03514962482361739
2 0.4507569443389928 0.6774792750694167 0.028734575519454075 0.03317751561147342
2 0.44122063903064496 0.7098004436381197 0.026927778055100826 0.03082735418457916
