1 0.589136890720185 0.6974381296631105 0.02620337790412952 0.02930110595888502
1 0.5929849639611093 0.721112945908601 0.025303042913375484 0.021055027082832023
1 0.6061850805963891 0.8246575475346316 0.024066081603515088 0.020814928148006895
1 0.610393266224711 0.8516305974167337 0.0267200063946742 0.02294374805143906
1 0.6108004587932119 0.8784986435173727 0.023885971387555993 0.01916531654517717
0 0.6476341846710183 0.6894517133629392 0.03996646841574025 0.02228660269790439
0 0.6506955181197196 0.7174901627658052 0.03996646841574025 0.02228660269790439
2 0.701853461539452 0.7521917592788945 0.020558793958184496 0.03304845652420052
2 0.7056350197629485 0.786826675954984 0.020558793958184607 0.03304845652420041
1 0.7215464148140024 0.6548942479134257 0.026720006394674423 0.022943748051439172
1 0.7263849321759206 0.687640443620908 0.02955414944631307 0.02672316912674877
1 0.7316617119322895 0.7186159886891001 0.028317188136452898 0.02648307019192364
1 0.7359717497249969 0.7523065448808861 0.024426193990912615 0.02411316178461842
1 0.740101677301745 0.7843474894698423 0.027956967704534708 0.0231838469862643
1 0.742556273129662 0.8183981940638658 0.02813707792049358 0.024833458589093915
