0 0.7715622377622375 0.08857808857808858 0.19114265734265723 0.0745920745920746
2 0.5256405594405594 0.12121212121212122 0.22144475524475532 0.07459207459207458
2 0.3228433566433566 0.19463869463869465 0.1561776223776225 0.07692307692307693
2 0.6037300699300701 0.28205128205128205 0.09790209790209803 0.10256410256410253
1 0.548951048951049 0.37529137529137524 0.15151468531468537 0.06060606060606061
1 0.5489510489510491 0.5093240093240093 0.12820559440559448 0.04895104895104896
1 0.5757580419580419 0.6351981351981353 0.1351986013986013 0.0629370629370628
2 0.42540839160839156 0.5442890442890442 0.06293706293706292 0.1048951048951049
2 0.40909090909090906 0.6666666666666667 0.04895104895104885 0.07459207459207462
2 0.40792587412587417 0.7645687645687644 0.046619580419580475 0.06993006993006956
2 0.4172489510489511 0.8496503496503498 0.041958041958042036 0.06759906759906797
2 0.41142237762237754 0.9358974358974361 0.03962657342657344 0.06759906759906764
2 0.42074545454545453 0.9906759906759907 0.044289510489510464 0.018648018648018683
1 0.6270391608391609 0.7575757575757576 0.10722657342657338 0.05594405594405594
1 0.6282055944055944 0.8473193473193472 0.1002335664335664 0.039627039627039506
1 0.6456881118881119 0.935897435897436 0.11188811188811187 0.04428904428904468
2 0.8275062937062938 0.34265734265734266 0.09324055944055953 0.12587412587412583
0 0.7715622377622378 0.23659673659673658 0.2144517482517484 0.07226107226107223
1 0.8531468531468533 0.43939393939393956 0.13053566433566444 0.058275058275058245
1 0.8496503496503496 0.5489510489510491 0.11888111888111874 0.06293706293706292
1 0.8484853146853146 0.6515151515151514 0.12587412587412594 0.053613053613053796
1 0.8648013986013985 0.7575757575757576 0.12587412587412583 0.05594405594405594
1 0.8636363636363638 0.8624708624708626 0.13286713286713303 0.06526806526806528
1 0.8799538461538462 0.9580419580419581 0.12820559440559465 0.0699300699300699
