3 0.5943678040841079 0.24604166213992282 0.045660640193383006 0.026743373240223967
3 0.5436746468925955 0.2490239402568817 0.052398484282647484 0.028948672113476348
3 0.5944140317094131 0.27383240884358306 0.04803859206858463 0.026047402253857876
3 0.5417393768158278 0.277850293607779 0.04835577782908873 0.02762549278952492
3 0.48843079303802284 0.2827400422550862 0.04700820901123581 0.027184433014874443
3 0.49557009169425936 0.30331594714695637 0.0540634292486159 0.030968769657008566
3 0.5535951663345495 0.2978530988252084 0.05136829161291001 0.03008665010770767
3 0.4956959825805789 0.3326857316194982 0.04629539248961395 0.029901448777987394
3 0.552373536191415 0.32738757329509083 0.045660640193382895 0.026743373240224078
3 0.6065152309001753 0.3255740288034841 0.046295392489613896 0.029901448777987394
3 0.6639127965452429 0.34798474580067396 0.04463044752364542 0.027881351234455343
3 0.6092565961611862 0.35303728997889244 0.04930771588582383 0.03236165886295528
3 0.5538071881592797 0.3558045697356732 0.04899053012531962 0.03078356832728818
3 0.4977636112210623 0.3602318114101841 0.0473255851593512 0.02876347078375613
3 0.4999108553341611 0.38935598173653707 0.04962509203393928 0.03394069663183702
3 0.5546068634545257 0.3850924828261521 0.05002072279505709 0.029645590333057137
3 0.6100961269811389 0.3831151955704194 0.04732558515935137 0.028763470783756184
3 0.6653464485131078 0.37640174224125633 0.04463044752364542 0.027881351234455176
3 0.6627373940274137 0.40530996697421656 0.04463044752364509 0.02788135123445523
3 0.6047122715987245 0.41077186806274985 0.05065528470367664 0.03280271863760564
3 0.5506900478872865 0.41495349559107175 0.04764296130746681 0.03034250855263787
3 0.49536011088270193 0.4200888583845679 0.045582385580380747 0.03261751730788576
3 0.6068595635002223 0.4398969856223174 0.045660640193382784 0.026743373240223967
3 0.6620302217711769 0.43160449452427263 0.05168566776102557 0.03166568787658913
3 0.6615619915095843 0.46263518814775917 0.05065528470367686 0.03280271863760581
3 0.6629159802164345 0.48947314681945986 0.04193530988793981 0.026999231685154335
1 0.616623990258846 0.49906939298740116 0.04153967912682177 0.03129433798393433
1 0.6766004563809956 0.5322858657541447 0.0513682916129099 0.030086650107707502
1 0.6767662027920218 0.5624456427277347 0.0627834040643529 0.03677225660945982
1 0.677011564675663 0.5941835102369919 0.06547854170005851 0.03765437615876066
1 0.6820132729464966 0.6261382705728563 0.06650892475740733 0.036517345397744316
2 0.6007017601669506 0.5462734980006902 0.02830292209579499 0.034335974840758676
2 0.5513896074290003 0.5228803244187447 0.03456688081093939 0.04671052408045234
2 0.488647994137826 0.5289153251817187 0.03464513542394182 0.04083638001279066
2 0.48897301928248194 0.5622322304598575 0.03464513542394182 0.04083638001279066
0 0.5613704348881787 0.4922815219820438 0.053350422339382475 0.03368483818690665
0 0.507547345435077 0.5004102703159625 0.056680312271319255 0.03772503327397103
0 0.5096785159314828 0.4620297134361416 0.053350422339382586 0.03368483818690682
2 0.44438497012153944 0.40404460082574223 0.0549371126923488 0.04157907979810038
2 0.44574219266708803 0.44438388383196353 0.058662442997792 0.041323221353170236
2 0.4457518463947836 0.48488690960231084 0.060327387963760415 0.04334331889670229
2 0.44905080669449604 0.5234024879266763 0.051924598908527464 0.039117922479917966
