2 0.7724721065512472 0.19694053314402044 0.056821135459545924 0.05316097972414757
2 0.7743543517507961 0.2446263146127462 0.05534566733436108 0.049604513049411186
2 0.552801088503343 0.32839863444145106 0.025924395203967388 0.02539647370334497
2 0.5553098404034844 0.36058636299953273 0.026189963092527413 0.02878428117750048
0 0.546390532739964 0.39521295518556854 0.04367450708132803 0.022844142278880597
0 0.5491633346001008 0.43078849121780594 0.046359875443137244 0.02656926815419791
0 0.5112374331935811 0.39922655324286604 0.028757312569826388 0.015738012438733906
0 0.5132072276596815 0.4323447777622196 0.030099956911563752 0.017600067154449117
1 0.5549164509498079 0.4496840837670138 0.02081914669057483 0.021333012982979405
1 0.514791685865474 0.4526736554949267 0.02068640258546195 0.019639617467844817
2 0.5595700958491526 0.48585492294570476 0.03237228805909731 0.031321989139425854
2 0.5604620546700814 0.5208351558314885 0.031295131927585706 0.032846725453979486
2 0.5651816922536974 0.5578526927677467 0.03519048020435389 0.036741526973764205
2 0.568427458863604 0.5916510350811451 0.033980579967729296 0.03657286777318336
2 0.5701884177628403 0.6299352772373799 0.03169352359959299 0.03792894488715626
2 0.5189724452379593 0.4906227048363433 0.025924395203967388 0.025396473703345024
2 0.5224821825849508 0.5278078381800105 0.022294694494093825 0.024890496101602322
2 0.5257939418791286 0.5624528782509762 0.020951970474022197 0.023027424942000385
