0 0.18417487538418306 0.31254086075133336 0.3683497507683661 0.1408794050544986
0 0.12351302275375164 0.4620731879749448 0.2470260455075033 0.13230137081078386
1 0.17331547875112235 0.5717406243724785 0.22467495703517792 0.12906414927496335
3 0.09122998912483327 0.7565872656712544 0.18245997824966653 0.1257020060622822
1 0.1232995818831538 0.9029759140773761 0.21241959434579902 0.10947061119769286
2 0.6068764864920811 0.9816115252623788 0.19512528096173343 0.03677694947524235
0 0.6041358632661469 0.9240562013730532 0.3952533938219446 0.15188759725389356
0 0.6134662491602867 0.7490008668882878 0.404112827888164 0.15492537396930306
2 0.652712362766035 0.5166481621722737 0.3235110070792514 0.20637990513899918
2 0.6436811859378015 0.3257531868481922 0.35222963305405464 0.22439728519852073
2 0.6882181024695125 0.1558458750427616 0.2436852941289278 0.14949305490207868
