2 0.6260453322618125 0.10484677691718987 0.05650397721746414 0.05727181983917132
2 0.6110263052122158 0.17582904648017597 0.06928255124253269 0.07679805293480646
2 0.6010387054575566 0.2511456210231955 0.07050936331288504 0.0753904038466307
2 0.5920367758032088 0.3203928318007392 0.06797300279506158 0.07667242802245872
3 0.6660203721084902 0.19343153791781126 0.05010767267551408 0.03530716330422792
0 0.4973227964572293 0.19728043202232687 0.11870051094293044 0.05103746318856403
1 0.5015544164542542 0.24083103079428198 0.05322308856937025 0.044756217571176066
1 0.49340705962107356 0.3186354938163864 0.050273145429751864 0.038373711305275005
1 0.4809244427212003 0.39140136742414733 0.05158269387722303 0.03849933621762269
1 0.3404305195925958 0.38485785513462667 0.053622735396132826 0.028019507599542137
1 0.18795782973683528 0.35636303372655964 0.03578537613044963 0.0354585632689261
1 0.188818856811131 0.42578625423667193 0.03954859835052532 0.03276980978536653
1 0.18690233176566268 0.485697608023662 0.03202215391037408 0.038147316752485505
1 0.6690595058783564 0.246884225566329 0.027597189569046665 0.02857263757318973
1 0.6644481650902426 0.29575043862967354 0.029072210770755724 0.03176481048658453
1 0.6559081293278154 0.344240696736419 0.030216286463988995 0.028823887397885273
1 0.6519515627634374 0.3931697222559374 0.03807357714881632 0.029577636871971735
