2 0.7657144689836769 0.6092999219044899 0.19274627994883464 0.12467448063740671
2 0.7379582131408715 0.7653815525842953 0.19970858897713795 0.1289144840460933
2 0.7006706901936135 0.9083927451046399 0.18901128112596866 0.12094002638457935
1 0.8175907735997939 0.4470731510826458 0.24732084938348087 0.11117779533066452
0 0.8323539665699676 0.3633822828620752 0.25054815958891874 0.11168334448652245
0 0.8643162303873355 0.20669805657268542 0.2713675392253291 0.1157295584386295
2 0.9510617025239025 0.061854929016906056 0.09787659495219503 0.12370985803381211
2 0.6553126961642463 0.025578959557674592 0.16882290696429236 0.051157919115349185
2 0.6390104381962838 0.15116511641031657 0.15590785465957857 0.09055945010784487
2 0.6188787178330457 0.2902480652212536 0.1397654921494269 0.08803079397593314
2 0.596527315855276 0.4223676546823925 0.1429928023548649 0.08853634313179104
2 0.5908259650050856 0.5537876020802215 0.12583893693183223 0.07955048370768725
2 0.5769560635859288 0.6740044901704396 0.14843979417483444 0.08309084505306308
2 0.5516302271309415 0.8040042296526726 0.14672780117773088 0.09227079738461919
2 0.5301958644936432 0.9197283397562762 0.13925974069298652 0.08480219232983721
