2 0.445332893356461 0.384880185747296 0.08512284695364575 0.056855170418473044
0 0.4148438325743572 0.4746813521199874 0.1389404162449706 0.04943458057069022
0 0.41390623113266506 0.5533731331829681 0.13370908806567672 0.0580023295957367
2 0.4305252068733503 0.6100861015857095 0.0969902712420806 0.09242560326926885
2 0.42907067915923414 0.6758580411413964 0.09761597183709103 0.08196243324746366
2 0.4259389947382576 0.7528480838102197 0.09648268674316302 0.08186559194616283
2 0.4217237850076222 0.8168689591255454 0.09670023538833589 0.08639156971193762
2 0.41963008402824153 0.8841014390176912 0.08543987165762773 0.0869312124904873
2 0.4174773685105433 0.9407245817405276 0.09059871262835001 0.07685540767388466
1 0.25830565294550184 0.9733258670639109 0.0652768851396516 0.04313989598614654
1 0.2629062436919431 0.913124457073679 0.06399853860912222 0.0400251327106268
1 0.2649501848870547 0.85876430323373 0.06966496407876216 0.0405093392171304
1 0.26057975302467534 0.8076434721066241 0.06534937234822336 0.04464795177770242
1 0.26249214896316897 0.7441829420844752 0.06491427505787731 0.03559599624615273
1 0.25870187582773685 0.680992233451601 0.06272023558832199 0.03691127463066057
1 0.2623504430114082 0.6169229374856247 0.06604756015180532 0.03569283754745334
3 0.2224400647971529 0.5476162904324633 0.10749846946873168 0.05275705769160233
1 0.2550009180559712 0.47389814949323583 0.07909385491196042 0.048827969367529256
0 0.22290124499664193 0.4196506785884852 0.10486933270883045 0.0450203805445607
0 0.24766064785458242 0.35435502472235286 0.17038231951148067 0.04611119825422494
2 0.3563193912674797 0.29547159925669264 0.02831357433037407 0.04899608857477372
2 0.22792255442208045 0.2678367408324253 0.03284671470608602 0.04938345377997641
2 0.2936758608039352 0.2848169013729521 0.031350819530383656 0.04174271273868213
