1 0.6893729380601862 0.26661459026674195 0.0794372400280452 0.05806974920982519
1 0.6824923058831819 0.36046657800009696 0.08429061196773735 0.057065529907546486
1 0.68358403098086 0.44322269907681366 0.08865357260717022 0.04942544874124738
1 0.6807599627011046 0.5239811827822564 0.08616562199828448 0.049098573249505895
1 0.6793115196247398 0.5978596431851163 0.07745779486718374 0.04795450902841103
1 0.6790457872137784 0.6707456806992248 0.07384847177892007 0.04912316125680394
1 0.6777290675833465 0.7379085507256161 0.07384847177891996 0.04912316125680394
1 0.6765439978518624 0.7983548351952952 0.0748473149802188 0.04596966325090801
0 0.48112055677019105 0.30402393400856353 0.13690530968254994 0.06890581645188781
0 0.491094855842206 0.3964984973155449 0.12472885643601561 0.05416514337149775
2 0.5110756075279881 0.4374172284204745 0.10207400115814758 0.06432955956750808
2 0.47580138713632136 0.5634698827682871 0.055642771029062954 0.08615192931917603
2 0.480370785423316 0.6507933106980986 0.05974243187060063 0.09161814377455979
2 0.4852557010733625 0.733888103680084 0.056764143508440834 0.08465640159904153
2 0.49549337349025807 0.8129304910538844 0.06224855017423725 0.07552178789285169
2 0.3533856609189699 0.5301481604641025 0.05900696201418232 0.0816663413390164
2 0.36267670769972377 0.6218754575011384 0.05688674633350577 0.08631536706504672
2 0.3694367069273029 0.6963505380218439 0.04844229254728577 0.07206600240251237
2 0.37695041725303663 0.7640283092931454 0.04546400418512586 0.06510426022699423
2 0.38310659652314516 0.8218350018215952 0.0439748967775388 0.061623886729356925
1 0.21060381667728867 0.23824400776190152 0.08924827194377283 0.07414151708423533
1 0.22602611347861304 0.3534487984541243 0.08527121392729992 0.07033426809485666
1 0.2432100852002589 0.4500013505568321 0.0897567773917975 0.06435315239456268
1 0.25300051680816926 0.5399879632549274 0.07794813262045788 0.054589375712187915
1 0.2693876804873717 0.6257587325989673 0.07807073544552273 0.056248341178192995
1 0.28229717097725765 0.7069621950899124 0.07421620670712911 0.054099062474575854
1 0.29036241014831954 0.7821028230076279 0.07185085892330806 0.05543115244883945
