2 0.055204007271141095 0.7046029332971019 0.11040801454228219 0.08676427851392576
2 0.04510284626645013 0.7817043151730091 0.09020569253290026 0.09426084837980309
2 0.043282713621785054 0.8552147392820206 0.08656542724357011 0.08936842116925858
2 0.04146258097711998 0.9314358528077562 0.08292516195423996 0.0870813403820817
2 0.21833527596776864 0.728662882973728 0.15212738589300556 0.0870813403820817
2 0.21709571726442894 0.8040220593468832 0.15212738589300545 0.08708134038208148
2 0.20811456466778216 0.8804011019226792 0.1585364506617852 0.0879261501051054
2 0.2062035146720424 0.9526100565880419 0.16895371493888747 0.08732748499594134
1 0.43702655565860726 0.7432012502726818 0.09823098863693513 0.04449142479143808
1 0.42791306855596123 0.8205842353895969 0.1016895778985828 0.05480402706739562
1 0.4177314039918518 0.8978264188860081 0.09287964786934516 0.051670932789159685
1 0.4055457190108152 0.9737830566002923 0.09715235771519826 0.052234139271175484
0 0.6794015479366675 0.8006649262280259 0.17967682737121138 0.05719782549591057
0 0.6633501340646464 0.8812152604822899 0.16071414340240253 0.056670077641042704
0 0.6542368056364678 0.9585970418311702 0.1625859879877981 0.0549449995678466
0 0.8882251735970783 0.8241078795978967 0.16419348091012986 0.05121444394848196
0 0.8796510019553008 0.9056438251956888 0.1703174457697667 0.06582201209385485
0 0.8629280967908795 0.9744858309940353 0.15802817823280202 0.05102833801192941
