2 0.7376470588235293 0.019999764705882363 0.12 0.039999529411764725
2 0.7317647058823529 0.13411764705882354 0.10823529411764687 0.051765176470588245
2 0.7247058823529411 0.24941223529411768 0.11294117647058832 0.05176517647058826
2 0.7211764705882353 0.356470588235294 0.11529411764705877 0.04941176470588232
2 0.7129411764705882 0.45882352941176474 0.10352941176470587 0.04705835294117661
2 0.7023529411764705 0.5505882352941176 0.10588235294117654 0.04705835294117633
2 0.6964705882352942 0.6435289411764706 0.1082352941176471 0.04470635294117642
2 0.6905882352941176 0.7317642352941176 0.09647058823529409 0.04235294117647059
2 0.6905882352941177 0.8199995294117648 0.1058823529411762 0.04470635294117664
2 0.29176470588235287 0.9847057647058823 0.07999999999999985 0.030588470588235217
2 0.28941176470588237 0.9129416470588234 0.07999999999999999 0.08941129411764714
2 0.27999999999999986 0.8129407058823528 0.08470588235294119 0.09176470588235286
2 0.28 0.7105877647058823 0.09411764705882353 0.10823576470588236
2 0.2717647058823529 0.5929411764705881 0.10117647058823515 0.10823576470588236
2 0.2647058823529414 0.47647058823529403 0.09176470588235278 0.11058776470588227
2 0.26000000000000006 0.35529458823529414 0.09176470588235283 0.13176423529411768
2 0.252941176470588 0.2152941176470588 0.1058823529411766 0.13411764705882354
2 0.25058823529411756 0.0776470588235294 0.10588235294117648 0.15058870588235296
2 0.4705882352941177 0.023529529411764692 0.08941176470588241 0.047059058823529384
2 0.468235294117647 0.1223534117647059 0.08470588235294108 0.10823576470588238
0 0.5235294117647059 0.25058823529411756 0.19529411764705884 0.04941176470588243
0 0.5270588235294118 0.3800004705882353 0.20235294117647074 0.06823482352941174
1 0.5258823529411764 0.4447058823529412 0.18588235294117655 0.04705835294117655
2 0.5411764705882354 0.5670592941176471 0.1505882352941177 0.07058823529411773
2 0.5399999999999999 0.6776470588235293 0.13882352941176462 0.06117600000000001
2 0.5411764705882353 0.7882348235294118 0.13647058823529407 0.05647058823529405
2 0.5411764705882353 0.8870583529411764 0.13647058823529407 0.05647058823529427
2 0.54 0.9788236470588235 0.1294117647058824 0.04235270588235296
1 0.06705882352941167 0.6847058823529413 0.11999999999999994 0.06588282352941177
1 0.07411764705882362 0.7705877647058825 0.12941176470588228 0.06352941176470606
1 0.08823529411764723 0.8623524705882354 0.148235294117647 0.07294164705882356
1 0.09058823529411758 0.9435289411764706 0.14352941176470602 0.08000047058823534
1 0.06352941176470582 0.023529882352941175 0.12705882352941164 0.04705835294117649
1 0.06470588235294121 0.11882399999999996 0.12941176470588242 0.04470635294117649
1 0.06705882352941181 0.21058870588235296 0.12941176470588228 0.054117176470588224
1 0.07882352941176476 0.30000000000000004 0.13882352941176457 0.054117176470588224
1 0.0847058823529411 0.3882352941176471 0.13176470588235306 0.047058352941176496
1 0.08352941176470575 0.47294117647058825 0.14352941176470588 0.04235294117647059
