3 0.5753377080290217 0.2113908008070856 0.16152814521210285 0.03598975223633216
0 0.5634649420346263 0.3567768949344516 0.13661402947105838 0.03649433031454763
0 0.5576913934642445 0.4185286637512986 0.1348821717598328 0.03519567690818942
0 0.5601128666718345 0.3885771527172702 0.06020599665355941 0.03795842553573103
0 0.5692498732778624 0.32630012495344884 0.052011911338483374 0.040208318809112464
2 0.5882860532911831 0.4707308554645454 0.0631951245851331 0.06298835240709894
1 0.5254217892903522 0.5239008415967048 0.069195146582475 0.05069673475454517
1 0.5960944885779509 0.5122461049559606 0.07773147515470746 0.023516192636721556
1 0.5968772340560404 0.5604324073319009 0.07792999150528879 0.02726323581540735
1 0.5278040482459463 0.5733857973790033 0.0659299475106051 0.05184647112051477
1 0.5245885096360312 0.6183254811277745 0.057471173728087355 0.04910030682231514
1 0.5952942949820601 0.6060462372905827 0.07952850577127912 0.026063830658522358
1 0.5362628847770827 0.6655853780321493 0.06906280234875406 0.04819870596875475
1 0.6075694109055255 0.6577024891880958 0.07979319423872089 0.031059888230103305
1 0.532215002975742 0.7105002571629154 0.06599611962746554 0.053095485513410035
1 0.6017244984876134 0.7050657878686423 0.07633047802778403 0.028462611194839615
1 0.5379286331200663 0.7600844909721395 0.06246723129966825 0.04924919408525108
1 0.6035391027192236 0.7495298814613547 0.08459073545972051 0.02746173231435345
1 0.5405094084262417 0.8058224035757521 0.06573143116002389 0.048099427941828976
1 0.6060206198501084 0.79714131565431 0.07446627608283762 0.024665929002691156
1 0.538226470394557 0.8489134001306384 0.06566525904316345 0.046850413548933934
1 0.6110001657667838 0.8448271934787337 0.07293393393370773 0.027114348552471412
1 0.3910132685585012 0.6681372265679302 0.05567314390000144 0.04655263902306195
1 0.4557583089078029 0.6581823196355876 0.07633047802778403 0.028462611194839726
1 0.38962884583510216 0.7100040133479262 0.06419908901089388 0.05054784749160934
1 0.45767117210318964 0.7007728618615046 0.08106184713192349 0.023615440886194827
1 0.39650567975515394 0.7533679798106792 0.058872170855010675 0.04415388826419697
1 0.462215407529602 0.7409398487105514 0.07106973198876149 0.02331766636032262
1 0.3953528594407666 0.7908632162155418 0.053611424815988074 0.03900894342968009
1 0.45923247054021266 0.7815080118616419 0.07959467788813956 0.027312845051417955
1 0.3942672104547539 0.8271094680049618 0.05540845543255973 0.04155658145148078
1 0.4612445919108901 0.8222250324982158 0.07466479243341906 0.02841297218137684
1 0.41789071892254553 0.47566080366788455 0.0943843342523013 0.024012463661539696
1 0.41438359672894276 0.541858566491333 0.08452456334285996 0.026212717921458406
1 0.42549450966516644 0.5997350559578647 0.09977742452504484 0.031655437281847276
2 0.45824482952350176 0.4380828165781566 0.055739316016861884 0.047801653415957046
2 0.40539432130278996 0.3652015972773688 0.11183225796373458 0.03949693717855357
2 0.40320538696710717 0.29633211378718893 0.11669597130159465 0.03714779565569898
2 0.3206165776625798 0.61162143054641 0.0317629925847176 0.034616712185787546
2 0.3189343804133089 0.6591087820944348 0.029832618522910803 0.029571015600743933
2 0.3257781282749306 0.7030972557536354 0.03176299258471754 0.03461671218578766
2 0.31290133510615553 0.7414940930120585 0.03329633394536191 0.032168322413459904
2 0.3164477970489914 0.7847588112253383 0.031564476234136274 0.030869669007101863
2 0.3195579492900502 0.820504608685789 0.031365959883555006 0.02712262582841607
2 0.3349864359798702 0.560759224199587 0.048946227828709166 0.04510512813122025
1 0.2812704357606842 0.39402823355071426 0.126423397977315 0.032449512609989906
