1 0.39553271011423685 0.7718492577603713 0.039154801584186494 0.03243906821396925
1 0.3965037553764589 0.8169000477862217 0.03520779148909403 0.02869723294841675
1 0.3968520164129511 0.862020946403169 0.035207791489093976 0.02869723294841664
1 0.40031419857809336 0.9067913020646331 0.033962223037633965 0.02855701576622338
0 0.30995653603417517 0.7873365639535947 0.05627727124469212 0.029419834958833935
0 0.31155036552212734 0.8323172453883487 0.05627727124469217 0.029419834958833935
0 0.3124162268651275 0.875706945327332 0.060224344437516675 0.0331626666791478
0 0.3146854640872867 0.9214485614418036 0.06115442422904188 0.028320610055500683
0 0.24388065460190966 0.7839033715910043 0.05492658197174183 0.027619524144534724
0 0.24241312337195692 0.8300646427972942 0.05627727124469217 0.029419834958833935
0 0.24369146419997437 0.8700630504262079 0.05357582960105961 0.025818216875474476
0 0.24596063832440168 0.9158036700859181 0.05492658197174183 0.027619524144534724
