2 0.3430966769482032 0.027764496029679796 0.08893857969949176 0.05552899205935959
1 0.41364242168872506 0.10258770737755069 0.0957665992391642 0.09489722492458956
1 0.3233622319285989 0.06983371358812747 0.10462356121851751 0.04693373160569234
1 0.3113457823337783 0.15542684589740233 0.10521687847525846 0.053633703369723285
1 0.39922643354390863 0.19021918579529362 0.0915608393959137 0.096740593220182
1 0.3932081699263178 0.2707163943517506 0.0801591054937148 0.09129929023970718
1 0.30302686637564863 0.23684573860165561 0.10721955139190739 0.0515952402979602
1 0.36707999409165637 0.35280902240093315 0.09537105440133681 0.09043057708190239
1 0.275106264407008 0.3266575699507504 0.10801064106756195 0.06052853598333485
1 0.362161953141847 0.43340366138218034 0.09175861181482736 0.09897391714152587
1 0.27199312395493375 0.41191371762426543 0.10321288476309007 0.05567204947819132
1 0.3433424327348664 0.520645184174172 0.08676308309144137 0.09188410671503844
1 0.2594684481535535 0.4907093307814239 0.11402130140854799 0.05441338069463553
1 0.329519761846791 0.6015766908278838 0.09096752213917259 0.09004062145615088
1 0.24534911863710773 0.5749908233171515 0.1004178013752669 0.04877709990128498
1 0.3226966133942699 0.67862636611424 0.09076974972025897 0.08780729753480754
1 0.22792780032179816 0.6589799076152132 0.0986129008775316 0.05304888689439202
1 0.5575075961217109 0.3820519817529411 0.07756179452480505 0.08663766458414457
1 0.4746349479987224 0.3533302207456548 0.10321288476308976 0.05567204947819143
1 0.549781997420322 0.4567709026931632 0.08916262164143729 0.09431240844925798
1 0.462408251621232 0.42877596498409287 0.10902577268516195 0.04732357026814865
1 0.5308511164401286 0.5327483754536464 0.08156978194914244 0.08256097236720794
1 0.4472737904871862 0.4994625361788828 0.09581781748970891 0.046153937317485294
1 0.5238177212049375 0.5996506626691654 0.07417471467576064 0.07304286020650186
1 0.44194640954027353 0.5721429940473419 0.10741732381082097 0.05382856421930393
1 0.5169807775931405 0.6643195090000464 0.0767707048491505 0.07770436889876942
1 0.4300163717911536 0.6442387524037644 0.1010111186320079 0.05547707166531568
1 0.5660497359196079 0.035054008666475185 0.12663593934726103 0.048883041881267825
1 0.5555677977171842 0.15342017649768913 0.11382352898963399 0.0521800567732921
1 0.5277598771172762 0.25449617484158793 0.13442655145846977 0.0628678018846617
2 0.6629685941792762 0.2934796604915908 0.044963720897030046 0.06380864472826864
2 0.6543530195927757 0.3782485390778596 0.04197086509029324 0.05468037123001879
2 0.6353232524031254 0.4553426737990147 0.044963720897030046 0.06380864472826908
2 0.6435018060755566 0.5258428956994166 0.04676994219028496 0.05953697469845698
2 0.6289731365620077 0.6022102071223558 0.04437040364028866 0.057108672964237384
2 0.6167326450252417 0.6652751224053183 0.04377708638354805 0.05040870120020635
2 0.6556688628237195 0.20054888591625714 0.06855959917260213 0.08362466333788832
