1 0.3368801917019345 0.23369120883771904 0.08264847196489178 0.07094769134024548
1 0.3338801163043261 0.32790564672735384 0.08721272180582634 0.07090103186281371
1 0.3241457695278702 0.40965059552500216 0.09059747982098504 0.06437448212116331
1 0.3184978531736188 0.4901453273427401 0.08816800686649384 0.06358831147144262
1 0.3122071470408785 0.5635715126981508 0.07966485152577496 0.06083671419742065
1 0.30484905246491656 0.6357951123402646 0.07631551505048229 0.06127743078889458
1 0.29913011614253693 0.70254680834739 0.07631551505048223 0.06127743078889447
1 0.29398312651891423 0.7626230432170482 0.07694068250323616 0.05843154277082718
0 0.5391870359173176 0.3094474352322122 0.13911609583107565 0.09226956141592818
0 0.5196406700428703 0.3991647216246695 0.12582483766110641 0.07577395654211161
2 0.4955764458396822 0.43596958214302295 0.10510347446819984 0.08126317231984004
2 0.5173256352054202 0.5673483133795736 0.06274053078479302 0.09346654753812744
2 0.5036700052549146 0.6529694947740534 0.06726918219746514 0.09950474942169063
2 0.490144101012698 0.7343446879855572 0.06366039430559445 0.09223966029693309
2 0.47174145164736814 0.8107120238922623 0.06796519272995094 0.08448719510327019
2 0.642030040557704 0.5571080032023452 0.06550029823559411 0.08978685760372618
2 0.6232383909559033 0.6462123318687962 0.06395526726203848 0.09385963286298793
2 0.608757024764623 0.7187034351786696 0.054308395412202004 0.078544255752934
2 0.5942400601450804 0.7843235064778277 0.05069960752033131 0.07127916662817646
2 0.5820995246144283 0.8404212568322695 0.048895302018594156 0.06764710796038864
1 0.8139399885074909 0.294596562872082 0.09380495324841764 0.08827612634121423
1 0.7866220762530727 0.40580935026881493 0.08957117479218946 0.08385789702370589
1 0.7595100408844428 0.49822458507270484 0.09325080576379208 0.07895131984811005
1 0.7404058960004634 0.5855123985106709 0.08084416646315462 0.06731563267245755
1 0.7152102695161251 0.6673992693189781 0.08113903941959832 0.06893560523851228
1 0.6939359262058361 0.7454099075304536 0.07719995703141769 0.06613637669787686
1 0.6780924755032863 0.8183174259039032 0.0750653570333708 0.06697017861421084
