0 0.4450808013296701 0.3540676323976515 0.14791166914906367 0.08908049930560519
0 0.43434811145352437 0.2300046134697234 0.16558672274226988 0.08546686963591432
0 0.2770702864780436 0.236667756768344 0.1573560946777591 0.07694484580711639
0 0.29842672918488566 0.3721217510921998 0.15502590594226617 0.08801836257332063
1 0.4223494794606668 0.5500280457966342 0.09770865449790672 0.07756023217733621
1 0.4502926306682285 0.7420285874308761 0.10625996700955553 0.05775725022998168
1 0.4430218544704694 0.6476763380251743 0.10482289129110917 0.0764980954450516
1 0.45080898937106195 0.8342533509628466 0.09730970034849068 0.058605520791590315
1 0.46472474541127706 0.9297744137519133 0.09537846576241393 0.08863374894354026
1 0.4603432154546085 0.9859643290874336 0.11788847198442964 0.028071341825132712
1 0.6027519374238162 0.7738121036539558 0.08858381267901838 0.06137075168254391
1 0.598035490085755 0.853046518307506 0.059502431627868835 0.04474749867946215
1 0.5983761728934341 0.9278061830931097 0.06290030853823203 0.05837906141852478
1 0.5971539079212813 0.9818944720996035 0.07829497722971457 0.03621105580079309
1 0.2891446084870334 0.5558299406798708 0.11516042983685135 0.0720297703954288
1 0.3089238704797892 0.645810904459545 0.08682715325076501 0.10843673089089478
1 0.31599627034017097 0.7304720602188262 0.07676159605572286 0.09970096910855009
1 0.3178999009276816 0.8186495497899451 0.07470338867092957 0.09757039904278586
1 0.3358193318730216 0.916618513057371 0.1088906029642574 0.0958801545207637
1 0.3363832929349623 0.968738571405061 0.09805780481355386 0.06252285718987793
2 0.4201109314917636 0.45897530805719033 0.09111814317817496 0.12973562207882322
2 0.30664042223346033 0.4585928058783593 0.11402600281227579 0.13996729310174227
2 0.6971236884347785 0.6501346710968916 0.046389248575441466 0.05645580448798482
2 0.6974643712424575 0.7248943358824955 0.05300932650101342 0.06668105069258023
2 0.692660085956819 0.7953962011628621 0.05623152751622196 0.0632747341581138
2 0.6952182176355293 0.8572691095290932 0.05707593743683048 0.08606298155116388
2 0.6982240065600938 0.9229755539026284 0.06857857035031933 0.07605789811843877
2 0.6952784515845405 0.9736768649381896 0.07041349948085063 0.052646270123620775
1 0.6167371343954183 0.6624125941814969 0.10854035191127953 0.061804524190833154
1 0.6177456893586083 0.5593245829934502 0.11543241118755132 0.05882568356346085
1 0.6069653971233555 0.4508098306996727 0.119771003474068 0.06500352759007655
2 0.5766644531817349 0.39022564665592036 0.07936266540458459 0.07542323729324918
2 0.6039480773462179 0.2413345530915791 0.13028421791496458 0.07757308181398309
2 0.6015836573159292 0.1172681935373606 0.12388741824365468 0.06926466772160379
0 0.24593450086111332 0.11303851034870527 0.10764723889423272 0.05413719574196728
1 0.7081413694630121 0.3137113609479314 0.10700807147461866 0.11078746372852949
