2 0.56 0.279375 0.13666700000000004 0.05125000000000002
2 0.579167 0.35062499999999996 0.16499999999999998 0.07124999999999998
2 0.5825 0.41687499999999994 0.15500000000000003 0.07124999999999992
0 0.606667 0.4975 0.19999999999999996 0.03500000000000003
0 0.6133330000000001 0.5625 0.19666700000000004 0.03500000000000003
2 0.588333 0.6112500000000001 0.146667 0.06500000000000006
2 0.6033330000000001 0.670625 0.15000000000000002 0.05874999999999997
2 0.605 0.728125 0.15000000000000002 0.05625000000000013
2 0.604167 0.7825 0.141667 0.050000000000000044
2 0.6066669999999998 0.839375 0.13666699999999998 0.05625000000000002
1 0.844167 0.8556250000000001 0.088333 0.036250000000000004
1 0.8458329999999998 0.8050000000000002 0.09166699999999983 0.025000000000000022
1 0.8425 0.755625 0.09166700000000005 0.023749999999999938
1 0.8416669999999999 0.7075 0.08333299999999999 0.030000000000000027
1 0.8466669999999998 0.6575 0.08999999999999997 0.025000000000000022
1 0.850833 0.603125 0.088333 0.03125
1 0.8441669999999999 0.5506249999999999 0.09499999999999986 0.026249999999999996
3 0.900833 0.49687499999999996 0.151667 0.031249999999999944
1 0.815833 0.42874999999999996 0.10166699999999995 0.04250000000000004
0 0.868333 0.391875 0.166667 0.03125
0 0.8300000000000001 0.339375 0.23333300000000012 0.03125
