2 0.5904986628867999 0.3777694581833069 0.09129746820461482 0.05758532461692156
0 0.6163243272871597 0.4779926024664296 0.15010605491555573 0.04727770552591415
0 0.6111035071181958 0.5621988828998321 0.144192862707488 0.05673197233149263
2 0.5886561773930448 0.6204588289169056 0.1033326846725553 0.09539215872628981
2 0.5850173088923398 0.6909340372595568 0.10427656512525685 0.08409414161039375
2 0.5823017203722949 0.7736301110952528 0.10304452507203299 0.08403855099162516
2 0.5817841282479264 0.8426219349275916 0.10316802910105838 0.08890466094133564
2 0.578720103530556 0.9147472996368606 0.09088878011129209 0.08997014258889369
2 0.5765602831411258 0.9680493173624114 0.09676082077688875 0.06390136527517709
1 0.7457408829918988 0.967751796481408 0.06870905891623347 0.04036400257272188
1 0.7478389513668164 0.9093862723942648 0.07486925918235243 0.040641955666565144
1 0.7566103117766749 0.8553819127424378 0.07006460299848272 0.04528570314120117
1 0.7595714082362552 0.7873119640652577 0.06981759494043172 0.03555348324178009
1 0.7686721291907187 0.7203306623995425 0.06739469107726137 0.0370646630614766
1 0.7698057413416992 0.6513666338765877 0.07104963499365557 0.03560907386054857
3 0.8184140717850714 0.5829204831189891 0.11577358899678736 0.05220866598534868
1 0.789076043150063 0.49958974711293236 0.08493143612372189 0.049197512680891065
0 0.8280529606351392 0.44613666370331306 0.11310367707556612 0.04398762590562377
0 0.8064761842880341 0.372899486618673 0.18443849613351848 0.04234577184448968
2 0.6937490197736067 0.2947379098275379 0.029613137757678376 0.0515620447860165
2 0.8346544257139402 0.2832331616255447 0.03454129797057326 0.05178440726109068
2 0.7622713225277864 0.29214638530186054 0.03310340140177004 0.04361798457814453
