1 0.4650625848777016 0.7296709724378535 0.0447784380278079 0.04101107544625937
1 0.466037620282188 0.7715093612096231 0.04018727800978156 0.03644689905090137
1 0.466373432247413 0.8133934738065647 0.040187278009781335 0.03644689905090148
1 0.4699053614089457 0.8550489672776465 0.03890883113125826 0.03595506363947398
0 0.37722470920356566 0.7413862647669012 0.06154285186919922 0.04326330261776967
0 0.37883896804731376 0.7831789297134989 0.06154285186919911 0.04326330261776978
0 0.37970684477537764 0.8234725200578716 0.06613423865571705 0.04782840570684532
0 0.38201393853777327 0.8659923237398546 0.06627884307630849 0.0436867725297998
0 0.30940987739023007 0.7361483933661761 0.05988660868369311 0.04122759547266297
0 0.3078815662347072 0.7789416133054733 0.06154285186919911 0.04326330261776956
0 0.30917441333153617 0.8161008096635982 0.05823013872969568 0.03919096163383917
0 0.3114814428115825 0.8586196866518633 0.059886608683693 0.04122759547266308
