1 0.5454964049282485 0.33827591370897603 0.09935583286847716 0.06754725202751416
1 0.5362374879489357 0.39653620567162773 0.09403386262737107 0.06618338698219711
1 0.5274706893118986 0.44734347800828345 0.09258782993445935 0.0702423492324254
1 0.5114437693985682 0.49881707763007266 0.0860509072657118 0.06413758941422132
1 0.5031690891038065 0.5421713303407323 0.091372877506818 0.06550145445953837
1 0.4961519701360469 0.5972165618823801 0.08931918633899538 0.06718925811798682
1 0.48726999588855524 0.6429405507741468 0.08399721609788902 0.06582539307266955
1 0.4718507344501356 0.692042991804156 0.08521253304771143 0.07056771025622943
1 0.4636912297658286 0.7404805279597049 0.0919801714595484 0.0678711906406455
1 0.45716622914034444 0.7880727398753564 0.08605090726571185 0.06413758941422121
1 0.44247016630947067 0.8398858833478018 0.0858198270004415 0.07293744643733702
1 0.35905126168906537 0.3410225484357267 0.07829866764714177 0.0532905124124573
1 0.34796973380720003 0.40639489376304544 0.07176174497839449 0.04718575259425328
1 0.33852234546197657 0.47092333726114005 0.07456859256549869 0.06783998016559523
1 0.32569113791083454 0.5320577233834669 0.07685263495423067 0.057349474662685807
2 0.20886338688763015 0.3240085179542811 0.12778829497656047 0.08147863061876687
2 0.19234434863202354 0.3829351372020664 0.1275572147112902 0.09027848764188212
2 0.1845314643456224 0.44661825646026376 0.12923396314729158 0.0774182459578654
2 0.17975614338941504 0.49844842758090735 0.1239119929061854 0.07605438091254829
0 0.2277820076646035 0.2833819953342559 0.1471077025718817 0.05984974238668517
3 0.32747180984336166 0.2318755355381206 0.09594132680646206 0.04452186586439216
