0 0.541886985153149 0.16703069592102412 0.17389797641054527 0.11959939477336279
0 0.5125066719937996 0.04205702706080023 0.19263110697772645 0.08411405412160046
0 0.33693769675465624 0.05330426818537641 0.18244258553837317 0.10660853637075282
0 0.37983189235597536 0.20664672569383805 0.18149442462591164 0.11934113033507271
1 0.5437599248739564 0.3961623702844068 0.11756193008980942 0.10004487140519985
1 0.6019473524967984 0.614235584467978 0.12403288063844775 0.07890731983569688
1 0.5806036836829724 0.5062436940672924 0.12515837830517562 0.09978660696690972
1 0.6154138073541581 0.7206361160103596 0.11440589068129436 0.07868365268026234
1 0.6443779175043796 0.8291266587905692 0.11661376917734767 0.11218712955119925
1 0.6509344430341077 0.924477060810103 0.13987962898200568 0.10534178501895752
1 0.7774812260587041 0.6314102430990518 0.10529853272010259 0.08064453169894559
1 0.783260129621236 0.7234842592491304 0.07123585110299613 0.05813153562523732
1 0.7940889597148783 0.8097451218366851 0.07689407800720116 0.07390297901527099
1 0.8012888872949382 0.8807161837001163 0.09256227224532909 0.06731560999350517
1 0.8153747510816008 0.9566457029569048 0.08255108756024154 0.08670859408619047
1 0.3950857119530528 0.4199124217308978 0.1357766460121933 0.09612311336783358
1 0.4298558121828794 0.52125671652857 0.110142818628709 0.13332468112070228
1 0.4496226786436119 0.6180863549008763 0.09792497279873302 0.12218001666156542
1 0.46408041125083555 0.7196370182125547 0.09537723376331231 0.1195141167493513
1 0.4978795747983352 0.8304409504582132 0.13237184914377248 0.12211082209585378
1 0.5092268195367746 0.9188860702920713 0.1228347449149162 0.1383982165068398
1 0.5299861810985351 0.9773946426858445 0.13383720734986737 0.045210714628310944
2 0.5285245702995365 0.2913353211032733 0.11787470411210343 0.15783315349594962
2 0.4011324443323987 0.3054196555155858 0.1442953859741123 0.17234873876083115
2 0.8661049151642006 0.4765528609500753 0.05863381054508654 0.06956906180552003
2 0.8769337452578427 0.56281372353763 0.06731263958977807 0.0819349871069538
2 0.8813938364385159 0.6448179052102956 0.07033324173026523 0.078529469018354
2 0.8929104027710565 0.715918099292872 0.07452489307721066 0.10425891330808379
2 0.9054650157443566 0.7913865189402416 0.08561724124045944 0.09452429063600787
2 0.9108948262561927 0.8639313520927348 0.08764656563108242 0.09500593330191798
1 0.7776093068602826 0.5010174791301885 0.12709781696750144 0.08375718806639953
1 0.7643361667180539 0.381880924270366 0.13417706788923456 0.08131495530962035
1 0.7370750636776249 0.25798874718831566 0.1397897432537084 0.08883072345253712
2 0.6946050862455981 0.1919277801368348 0.09727233823707149 0.09522931152953859
2 0.704418034451433 0.03436173488539705 0.15304563572444352 0.0687234697707941
1 0.8314591913229957 0.08676673433349208 0.1324617348720698 0.13862188366227401
