3 0.8238855033016967 0.03175348462227659 0.12083285008133804 0.06350696924455318
3 0.811050222301352 0.08454877655245373 0.12525083727663489 0.058081164731856365
3 0.7927185387431017 0.13702800829351772 0.11612879535427634 0.05565411920593917
3 0.6818035169283312 0.10141466896159948 0.11491720498777114 0.05083095515974877
3 0.5657481776942838 0.12192112965962086 0.11612879535427645 0.05565411920593924
3 0.8806357075780863 0.21132634268650158 0.09895363162364323 0.04658362548939368
3 0.8687092102309859 0.2618207460507246 0.11217375133308005 0.056852902013037665
3 0.8510958134676427 0.3069931334399707 0.11324267144716493 0.052636499348326204
3 0.7484472458089508 0.28491879650706614 0.10016522199014855 0.05140678953558442
3 0.7636715846907947 0.2353345352150621 0.10533221989131103 0.05503261786859981
3 0.7831807357640388 0.19193568625323099 0.10244573247073818 0.05201355091706353
1 0.8406151039838243 0.37915143488593067 0.08480762556600374 0.0495717654352863
1 0.8321424586648309 0.44811138519209115 0.08876266958719992 0.048372982628187955
1 0.8139230849615051 0.4956187273659405 0.09104318006779 0.04897974400966726
1 0.7999881599361178 0.5493128825626955 0.10016522199014866 0.051406789535584085
2 0.6343811786793341 0.22967313318727484 0.05922486171550079 0.0832764010291038
2 0.6157122020428498 0.2970694343227144 0.06485480279076472 0.08027352112735103
2 0.7027209507380515 0.374868099853505 0.05377215979603478 0.06156999218036069
2 0.6871934416294854 0.4256205388841772 0.059544771123719586 0.06760667898951012
2 0.6738644935440815 0.4769797392963284 0.057121590390708965 0.05796035089712864
2 0.6595489383154818 0.5230622687577934 0.050137025183057404 0.04709905294786543
2 0.5945414941564809 0.3650271518153423 0.07807492250020198 0.09054279765099532
2 0.5741672600684319 0.43445502704464556 0.08598501054259389 0.08814523203679808
2 0.5635305400912496 0.48905792362088696 0.06852414279365748 0.06099415780452516
2 0.4938043751122677 0.25842228808339973 0.07611432142783098 0.07426631422992208
2 0.4808567842569989 0.31739031284537633 0.0806753423890102 0.07547983699288058
2 0.4677183330299317 0.37255462577880644 0.07778885496843735 0.07246077004134455
2 0.4556791623144457 0.42802231940297597 0.0726222205807357 0.06883638880225212
2 0.44686000964375194 0.4756217523181391 0.06456873525900025 0.06219149351770009
0 0.6840986935018398 0.1833536060023176 0.11217375133308038 0.056852902013037804
0 0.5489841696411675 0.22736855600784803 0.11962125971483262 0.06108549172753247
