1 0.37202783322603716 0.47973977651258726 0.05308202337897627 0.03839575448042182
1 0.2664783283057536 0.5519885663009195 0.05464434377367994 0.032794642709816024
1 0.3380726963540296 0.5280987735220619 0.0422300146146829 0.027098236136213982
1 0.4041452933050361 0.507058120787578 0.042230014614682954 0.02709823613621387
1 0.27142385498998983 0.5885396717719237 0.04359997951799277 0.03334266211364767
1 0.3441419772190888 0.5627675837740796 0.03929772931666903 0.0264549219293857
1 0.4113383283509182 0.5398446358206093 0.04428516748493494 0.036465811859936914
1 0.27568460473785805 0.6219695010117829 0.04877977317765231 0.0315080142961599
1 0.3516778117637287 0.5971166104378278 0.04653226481600653 0.033985976320476174
1 0.420339894513991 0.5738701318657983 0.047217452782948754 0.03710912606676531
