1 0.30858231940064973 0.6913148250224008 0.04257552563565786 0.035614289459410364
1 0.3105718016890868 0.7385616928962631 0.038273637821540085 0.03153157344273194
1 0.3118935887101555 0.7859095158054021 0.038273637821540085 0.03153157344273205
1 0.31655385206806724 0.8327525635381582 0.03693824728680273 0.031329663372178684
0 0.21695789805205112 0.711331605849369 0.06082737444525199 0.03322503013959588
0 0.21961507560785704 0.7584775186879548 0.06082737444525202 0.03322503013959577
0 0.22145665542947368 0.8039853720592769 0.06512935098310516 0.03730878935633586
0 0.2248555238479261 0.851900358713887 0.06602112284111533 0.03229469911933003
0 0.14588875075335048 0.7106308982870534 0.05934417016742928 0.031285148766563964
0 0.14528135884385596 0.7591505719532616 0.060827374445252005 0.03322503013959577
0 0.14749491772293472 0.8010804844842883 0.057860877165871225 0.02934422419347038
0 0.1508936974176519 0.8489944279388366 0.05934417016742924 0.031285148766563964
