1 0.5970653235896708 0.45247442045903186 0.10779555359349968 0.06568874285418164
1 0.5908604602608916 0.5371324923693755 0.09865817290676893 0.06372958244883997
1 0.5640786972345735 0.6063216305984716 0.0900242018539712 0.0641182877180363
1 0.564340415619195 0.6886795606841107 0.10094251807845156 0.06421937255017551
1 0.5535668619470506 0.7723580523917833 0.10295676094747885 0.07361365381456397
1 0.5482346732347514 0.847374129420835 0.09966529434128268 0.06842672308103437
1 0.536687607626018 0.9235164154373219 0.10524110611916132 0.07410344391589951
1 0.5283156571244891 0.9829665080449751 0.10245335131354533 0.03406698391004981
1 0.3950649612501029 0.6646698487917873 0.1034966633861426 0.05580326220533971
1 0.3794532192652312 0.7374818703648293 0.09536640413392583 0.0585412424321925
1 0.37462444018686547 0.8101500817193427 0.10678812999233944 0.06099019293886965
1 0.3544256103729393 0.8709245188867207 0.10729184179291956 0.06333946789652545
1 0.3484546587087323 0.9433478351905666 0.09560031579849737 0.06979641783601964
1 0.3699093576415429 0.5646894719849604 0.15297874522657395 0.07313526992323427
1 0.383704275617228 0.4669195583807047 0.16211612591330454 0.07509443032857577
1 0.39585361137313857 0.3712526154003194 0.15983178074162208 0.07460464022724039
1 0.5602721777771678 0.37333926223813696 0.1658389230439134 0.1229499691535223
2 0.44536217245064513 0.3130773467047089 0.09606753479434682 0.09230395007743813
2 0.4248557222130057 0.18584175460819982 0.17326805163570952 0.08644928128142415
2 0.45005427072806226 0.07946137802451025 0.17021019452743769 0.09251611666860354
0 0.5715672364022876 0.298372318342037 0.16083890217613533 0.07930178085943473
0 0.5995719372086492 0.2011918703881377 0.165407592519501 0.08028136106210543
2 0.24407295433915316 0.572103189707114 0.05038063136069251 0.08250814805072959
2 0.2287126150046013 0.6437426877260051 0.046855555256571646 0.06606745119649049
2 0.2207093251523249 0.7145008718081283 0.04635184345599133 0.06371817623883469
2 0.1946826765769064 0.7801682115254169 0.04635184345599139 0.06371817623883469
2 0.18768650815914362 0.8462292549753458 0.05041682199877637 0.06234848148384908
2 0.17434071386026573 0.9084730624467305 0.04534472202147788 0.059021035606640404
2 0.26702334832061125 0.48735184999431114 0.08286517556483064 0.09171448442708147
1 0.25478057883689564 0.21570887297537678 0.15270894509056523 0.08204117036940509
