2 0.27939853062210046 0.1661105425278061 0.05591751116524235 0.08036167341319875
2 0.29824828090313826 0.24757685557370052 0.06958145891741918 0.10615549154051304
2 0.31315932558296317 0.3349505886218226 0.07038500178727392 0.10482745054371029
2 0.326714051855619 0.415311694794383 0.06847159238312295 0.10568588965261277
3 0.25268160327382694 0.2769883984626754 0.0471902487556638 0.053320578955979636
0 0.3973489312174966 0.2550756714258366 0.10674088301082524 0.0885235776949039
1 0.39740893392087695 0.3071675514289016 0.051247556296011576 0.06504348329988596
1 0.41095568320154485 0.39776780849863314 0.04780289608454674 0.05691586472538607
1 0.4277859565476745 0.4817381512319514 0.04891276261884314 0.05738546661328642
1 0.5474431889242388 0.45197653991444015 0.048988597551238855 0.04574332693627847
1 0.6754945470231773 0.3944142764548041 0.03528804054284618 0.04995260107377886
1 0.6806251462217691 0.47653009476795655 0.03800517657429903 0.04776719933813045
1 0.6873283941469508 0.5469778810470317 0.03257090451139355 0.052138002809427375
1 0.2545988051221091 0.3405864733680317 0.02740373043674954 0.03994549657762081
1 0.26267432543843583 0.39756858472832624 0.029126244299928994 0.04401038423492748
1 0.27407956555941226 0.45349057669951154 0.029623463505342118 0.04088470035342151
1 0.28160015260859084 0.5106495543530004 0.03628266271111974 0.04370231168082356
