3 0.5725226397494934 0.18852358523722623 0.06400567012066682 0.04497780627568915
3 0.5658037715347071 0.2258043949560158 0.06635828807139355 0.03980434541154515
3 0.5560629852186901 0.2620238546000174 0.061523219109424376 0.038106185291884476
3 0.4950526023174529 0.23714925610429455 0.06088647274555614 0.03488312832183593
3 0.4315540365431524 0.25104135743206435 0.06152321910942443 0.0381061852918845
3 0.6046936668503515 0.31357486371681353 0.05242510206211026 0.03191134811242963
3 0.5984524061692198 0.3484381389546186 0.05942415333188078 0.038869117223974625
3 0.5890624513002658 0.37961025962169354 0.05999617420850478 0.036070600283841237
3 0.5326630820005263 0.36411096471850013 0.05306184842597861 0.035134405082478226
3 0.5407174935423964 0.32988449952556786 0.05579785161040396 0.037595497134229106
3 0.5511570768216287 0.29994244137747217 0.054270615666470845 0.03555894511239338
1 0.5837409859688972 0.4294468393460873 0.044918946445973607 0.033774636864992436
1 0.5795015117914293 0.477078154604454 0.0470180122235172 0.03301170493290223
1 0.5697930882190345 0.5098622872634494 0.04822677946400955 0.03343624496281755
1 0.5624696453409885 0.5469317939810739 0.05306184842597861 0.035134405082478226
2 0.46981005142583904 0.3256628037131515 0.03130996100195238 0.05599241015816386
2 0.45997198583594223 0.37218921132596405 0.0342995163595608 0.054042973277860895
2 0.5081252509769624 0.42615678790995226 0.028444315800024877 0.04148720327225669
2 0.49991150956186514 0.4611897426057411 0.0314985966448777 0.045559340302135654
2 0.49290653538726026 0.4966472373314449 0.030225103917141116 0.0391132263620384
2 0.4853297313790446 0.5284561680433926 0.026533885665406487 0.03181706534831863
2 0.44876582313232594 0.41909756841171775 0.04129856762933137 0.06100074238940584
2 0.438004905218742 0.46702371800149317 0.04549669918441873 0.059474878525225594
2 0.4324948042444481 0.504729067750198 0.03626894011960258 0.041235926511614396
2 0.39291776673224355 0.3451919126806652 0.04027843603176451 0.05014313250346236
2 0.3861665357738352 0.385908049384461 0.042695970512748926 0.05099221256329273
2 0.3792883376858217 0.423995348606107 0.04116873456881587 0.048955660541457
2 0.37301452321805445 0.4622949178427106 0.038432922427403926 0.046495535503498664
2 0.36845963731106957 0.4951651986294462 0.034169683299045406 0.041997891429912115
0 0.4967920478121886 0.293774892496042 0.05942415333188078 0.03886911722397468
0 0.42298373181917104 0.3238658100042981 0.06336892375679853 0.041754749305640604
