1 0.298125 0.120833 0.03375 0.031667
1 0.30437499999999995 0.18083299999999997 0.03375 0.024999999999999994
1 0.30625 0.240833 0.034999999999999976 0.028332999999999997
1 0.3087500000000001 0.300833 0.03500000000000009 0.028332999999999997
1 0.40625 0.120833 0.03249999999999997 0.028332999999999997
1 0.468125 0.128333 0.028749999999999998 0.02999999999999997
1 0.40937499999999993 0.184167 0.03375 0.028332999999999997
1 0.4675 0.181667 0.030000000000000082 0.023332999999999993
2 0.39562500000000006 0.270833 0.053750000000000075 0.04833299999999999
0 0.426875 0.358333 0.06374999999999997 0.030000000000000027
0 0.4275 0.42833299999999996 0.07750000000000001 0.04999999999999999
0 0.43 0.5025 0.07750000000000001 0.05166699999999996
2 0.41125 0.558333 0.07750000000000001 0.07666700000000004
2 0.411875 0.6225 0.06874999999999998 0.06833299999999998
2 0.420625 0.691667 0.05375000000000002 0.06999999999999995
2 0.41374999999999995 0.756667 0.065 0.07333299999999998
2 0.41312499999999996 0.8225000000000001 0.06875000000000003 0.08166700000000016
1 0.52125 0.455833 0.04249999999999998 0.03500000000000003
1 0.52125 0.523333 0.04999999999999999 0.026666999999999996
1 0.51625 0.589167 0.04249999999999998 0.03500000000000003
1 0.51375 0.651667 0.044999999999999984 0.036667000000000005
1 0.513125 0.7125000000000001 0.04624999999999996 0.031667
1 0.514375 0.7725 0.04624999999999996 0.031667
1 0.5125 0.828333 0.0475000000000001 0.033332999999999946
1 0.515625 0.8833330000000001 0.04624999999999996 0.03333300000000017
3 0.554375 0.4 0.07374999999999998 0.03999999999999998
1 0.529375 0.310833 0.05125000000000002 0.034999999999999976
2 0.52875 0.21000000000000002 0.0625 0.04000000000000001
2 0.6462499999999999 0.236667 0.027499999999999858 0.06666699999999998
1 0.629375 0.309167 0.04125000000000001 0.03500000000000003
3 0.635 0.3925 0.06000000000000005 0.031667
1 0.6468750000000001 0.4525 0.036250000000000004 0.025000000000000022
1 0.64375 0.516667 0.03500000000000003 0.026666999999999996
1 0.6375 0.5825 0.030000000000000027 0.025000000000000022
1 0.6312500000000001 0.641667 0.03500000000000003 0.030000000000000027
1 0.6343750000000001 0.7 0.03375000000000006 0.026666999999999996
1 0.62875 0.7625 0.030000000000000027 0.025000000000000022
