3 0.0219435736677116 0.06269655172413786 0.0438871473354232 0.025077742946708448
3 0.11128526645768025 0.05642570532915349 0.11598746081504702 0.02507774294670844
3 0.025078369905956112 0.11755423197492165 0.050156739811912224 0.021944200626959176
3 0.11912225705329155 0.11285203761755484 0.1065830721003135 0.02507774294670842
3 0.24294670846394983 0.10971849529780557 0.10344827586206895 0.025077742946708448
3 0.2288401253918496 0.1520382445141066 0.11912225705329171 0.028213166144200608
3 0.09404388714733533 0.15517178683385582 0.11285266457680232 0.02821316614420072
3 0.23197492163009403 0.2100313479623825 0.10031347962382442 0.03134858934169271
3 0.10031347962382436 0.21316677115987454 0.10031347962382427 0.02507774294670842
3 0.012539184952978056 0.22257115987460813 0.025078369905956112 0.03134858934169271
3 0.012539184952978056 0.2774288401253919 0.025078369905956112 0.034482131661442095
3 0.10031347962382445 0.2695931034482758 0.10658307210031348 0.03134858934169277
3 0.23040752351097177 0.2648909090909091 0.10344827586206895 0.028213166144200663
3 0.2288401253918495 0.322884012539185 0.10658307210031345 0.0376175548589342
3 0.10188087774294671 0.3275862068965517 0.10971786833855801 0.028213166144200608
3 0.012539184952978056 0.3369905956112853 0.025078369905956112 0.028213166144200608
3 0.0219435736677116 0.3902815047021944 0.0438871473354232 0.034482131661441984
3 0.11442006269592477 0.3855793103448277 0.10344827586206898 0.03134858934169282
3 0.24294670846394995 0.3824457680250784 0.09717868338558014 0.037617554858934144
3 0.018808777429467086 0.44827648902821327 0.03761755485893417 0.025077742946708614
2 0.02037617554858934 0.6567398119122257 0.04075235109717868 0.05329090909090928
2 0.12539184952978058 0.5987467084639497 0.06269592476489029 0.07523510971786851
2 0.27115987460815055 0.5956112852664577 0.065830721003135 0.06269529780564276
2 0.274294670846395 0.6614420062695924 0.0658307210031348 0.06269529780564254
0 0.0987460815047022 0.5407517241379312 0.11598746081504704 0.034482131661442206
0 0.22413793103448276 0.5438871473354231 0.12225705329153605 0.040752978056426414
0 0.21473354231974923 0.46865203761755503 0.11598746081504699 0.03448213166144193
2 0.358934169278997 0.3385573667711599 0.11598746081504702 0.05015736677115973
2 0.3605015673981191 0.4184946708463949 0.12539184952978055 0.04702194357366757
2 0.36520376175548586 0.49843197492162994 0.12852664576802525 0.05015736677115984
2 0.3620689655172414 0.5752357366771161 0.10971786833855801 0.04702194357366796
