1 0.16056324204224393 0.5220930877917206 0.14494510774047653 0.08107419043057562
1 0.204137324547375 0.6278080795221369 0.15344340844560178 0.08064177591781685
1 0.23015151953690094 0.7243436202943808 0.16055402311255973 0.0722818105490044
1 0.26227919689529355 0.8167457107132253 0.15613151606086798 0.07150766839580158
1 0.28970251603803343 0.9018020457857674 0.1406527413799467 0.0687981708595925
1 0.3147412249557983 0.9757228399267139 0.13436590231195092 0.048554320146572016
0 0.534134947219036 0.4689540954170809 0.24735661294847067 0.10284323538226303
0 0.5480304638243768 0.580884896091197 0.22468037536209035 0.08350687177044269
2 0.5271968355832767 0.6376299250308686 0.18544151422478605 0.09200524523742615
2 0.6308430464661419 0.7675466331536843 0.10509904371130674 0.11059443101910649
2 0.6523696640583949 0.8709943258646222 0.11277336070618627 0.11770011849610118
2 0.6719234551695125 0.9575908110427024 0.10696337572761072 0.08481837791459523
2 0.8317855507101333 0.6721269522759319 0.11069224787150223 0.10581117000171947
2 0.8466133373792675 0.7828738680021652 0.10731029723715257 0.11098150209570756
2 0.8600104301135513 0.8724280527866296 0.09126802833959324 0.09280754060854068
2 0.8698089995063887 0.9544441355813401 0.0854580433610177 0.08410703649413409
1 0.94952890352638 0.267208728362503 0.10094219294724005 0.10161711070835733
1 0.9574195607001998 0.4080412257883639 0.08516087859960031 0.096493310945376
1 0.9569423700269819 0.5280465805258276 0.08611525994603608 0.09011523329057691
1 0.9690388574897557 0.6370051440763482 0.06192228502048869 0.07672453282079683
1 0.9692119816607287 0.7441300120149987 0.0615760366785425 0.07870642053481036
1 0.9734607954294936 0.8443427280149554 0.053078409141012806 0.07556331959099294
1 0.9801592897688145 0.9352743332856028 0.03968142046237089 0.07677106515180343
