0 0.5224614472203031 0.41158861051322315 0.17263963405717342 0.1027958963057431
0 0.5167578206161832 0.2940704564664636 0.19188150487929595 0.10172625312738859
0 0.6912429148580557 0.27649768709876865 0.1819278031208298 0.09266731576344917
0 0.6868351584488149 0.4062642350973245 0.180422714170263 0.10273281412626523
1 0.5752582212623739 0.59120682597457 0.11586558391761947 0.08543257389648595
1 0.571579972129096 0.7747932892792873 0.12341725566497408 0.0680063777194585
1 0.5662584132541725 0.6855534425912175 0.12364866403070884 0.08536949171700814
1 0.5840535667726577 0.8610237435740904 0.1135780253854386 0.06762873312961215
1 0.5822082599409684 0.9523059190598137 0.11436049496705236 0.09538816188037269
1 0.4078492164658395 0.8275521663209553 0.10417415213891507 0.06907575667313093
1 0.4242595426130057 0.9008558484175558 0.07031768341742733 0.04969931226612068
1 0.43445689095617546 0.9696446460465236 0.07541147118346436 0.06071070790695288
1 0.723059048367571 0.5764719148623941 0.13467333041066676 0.08253852680944807
1 0.713960324118561 0.6635209158443078 0.10680882321969765 0.1129242684363293
1 0.7181301626092507 0.7436777525853633 0.0948002039987218 0.10342486852774746
1 0.7285006143738355 0.8263373247074124 0.09231116220713664 0.10116000207442177
1 0.7225837989113668 0.9205669593089478 0.1300448247839724 0.10405399334848531
1 0.732805876314739 0.9667923241985724 0.11956998691595722 0.06641535160285517
2 0.5648506759074858 0.5058106479894956 0.1136391083020365 0.13343317397648963
2 0.6900016509164835 0.48828448534346647 0.1400296843527059 0.14601528324820406
2 0.2862262971440721 0.7262972140169321 0.05692091213268852 0.05894723194381157
2 0.296423645487242 0.796185958778197 0.06525505346165744 0.06939037489647404
2 0.3116958484842123 0.8613187861080284 0.068495407024589 0.06662222794370987
2 0.3176238557149861 0.9195048035261733 0.07164998151098384 0.08807461230326907
2 0.32360008836222726 0.9706171132143157 0.0834271923662252 0.058765773571368696
1 0.37666250122968226 0.725603688294096 0.1263391890816979 0.07209538385678593
1 0.36096990420927594 0.6294559945166462 0.13368937756964872 0.07020816199330637
1 0.3575177948453459 0.5264551460947412 0.13910035277795707 0.07656203458395966
2 0.38238388967626685 0.4652753255836584 0.09532010740433405 0.08102874112410785
2 0.33122105269237123 0.33031599628865327 0.15197845336102045 0.08971050653459017
2 0.3162832783890279 0.21406089669337913 0.144078436361127 0.08109176749061117
0 0.7081137204655923 0.15629761963390848 0.12460269176539629 0.06479776822205185
1 0.22648885710687683 0.41369237410732296 0.12940921719549273 0.1177685637533496
3 0.48298568588496693 0.030838597067857 0.19827766563255927 0.061677194135714
3 0.6403903638884829 0.03910200559928479 0.1090963817518783 0.07820401119856958
3 0.7389324916453481 0.027354101450457458 0.13739501327192294 0.054708202900914916
