3 0.49875737579611046 0.2003199268979583 0.15322886481485898 0.0339487276890319
0 0.4892395461328406 0.342908841668649 0.1295209328956004 0.03465284473067104
0 0.4845023266234776 0.40347864164424024 0.12788919647054092 0.033393449354575
0 0.48643985983715166 0.3741035924025344 0.05681311092077762 0.03673048445259841
0 0.4943680366589289 0.3129908524236934 0.0489903007029413 0.03900633702921358
2 0.51422103108177 0.4543847876653191 0.05935134129808106 0.061258875317704964
1 0.45510824082375306 0.507021521846455 0.06520939386045332 0.049150860375930305
1 0.5221488510682547 0.4950075855503976 0.07366202613507938 0.02241603974018891
1 0.523479110268168 0.5422273204982748 0.07380515675911803 0.026090091659506487
1 0.45797481603270007 0.555500652170428 0.06208905163437334 0.05030612154305569
1 0.45546476032287203 0.5995719090894037 0.05407540058448557 0.047683238227247626
1 0.5225292256713798 0.5869456308067935 0.07534052254246654 0.024900098266713577
1 0.46713747480307266 0.6457925529495954 0.06511397344442771 0.04670149242971855
1 0.5348264924192163 0.6374700138630119 0.07553136337451782 0.029798834159136867
1 0.4638358810975637 0.6898464645784145 0.06213676184238609 0.051530805516161404
1 0.5298464023063205 0.6839386028577297 0.07226884075008422 0.027280064229622147
1 0.46987050874060365 0.738395017708368 0.058826529009939565 0.047787351613540974
1 0.532112280351638 0.7275016519991231 0.08013936117593357 0.026228895626112858
1 0.4728802145735892 0.7832000961130235 0.06194592101033464 0.04663206962373834
1 0.5350504208726043 0.7741437563634374 0.07054168390899923 0.023571300907314408
1 0.4712342123971461 0.8254516931851743 0.06189821080232194 0.045407385650632626
1 0.5403641256062979 0.8208379174208986 0.0690540283336637 0.02598597827321336
1 0.329092344320827 0.649509026599171 0.05239595395141333 0.04519915887804593
1 0.39051872283217437 0.6392106575863223 0.07226884075008444 0.02728006422962226
1 0.32828559034807736 0.6905532849883721 0.06045826543499899 0.049046746989636736
1 0.39285521596382617 0.6809366599453797 0.07682912834348732 0.022485441723491983
1 0.33535030702686225 0.7329957635429529 0.055468585969480566 0.04281921373781439
1 0.39766364394991593 0.7202653718740495 0.06732687149257882 0.02227721495090551
1 0.3347105387821576 0.7697536280262838 0.05052661671197495 0.03781636445909775
1 0.39532152419381783 0.7600502557098319 0.07538823275047929 0.02612478223981929
1 0.33411943097115104 0.8052868293591863 0.05220511311936199 0.04030042298562253
1 0.39772958263748903 0.7999392321092306 0.07068481453303777 0.027245352826631875
1 0.3523009829522207 0.4606424043161924 0.0894984874028038 0.02276307047938192
1 0.3497723419275399 0.5255506548908008 0.08009165096792081 0.025004211653006925
1 0.36103856941394635 0.5821810916997145 0.09453587707633504 0.030215287704310145
2 0.39020500058720686 0.42347539683726854 0.052443664159426084 0.04642384285115164
2 0.33907804354689497 0.35248845171802023 0.10590842139236728 0.037806329718521825
2 0.33615943856646635 0.28500937452075054 0.11056412940179583 0.03546107515860353
2 0.26148483820461743 0.5947082843776581 0.029794946169072606 0.033691147591616954
2 0.2604633882958101 0.6412636206458355 0.028020079119974728 0.028757700296203614
2 0.2675042498705885 0.6843184411869693 0.029794946169072578 0.033691147591617066
2 0.255730488349916 0.7220580514678292 0.03128355197009339 0.031276491048395805
2 0.2596281028202929 0.764431128039107 0.0296518155450341 0.030017095672299376
2 0.26301949031738125 0.799438734658916 0.02950868492099551 0.026343043752982243
2 0.27452628957541403 0.5447391588332193 0.046014039326584766 0.043835670938333626
1 0.22143493171493045 0.38177945705458494 0.11987554542065307 0.03077056603876699
