3 0.6395061728395064 0.004938395061728399 0.15308641975308668 0.009876790123456798
3 0.8037037037037036 0.058024197530864186 0.1456790123456787 0.04691407407407409
3 0.6419753086419753 0.06419753086419752 0.14814814814814825 0.039506666666666676
3 0.47654320987654336 0.06296345679012344 0.13827160493827162 0.0370370370370371
3 0.3098765432098767 0.06049382716049383 0.1358024691358025 0.04691407407407409
3 0.3123456790123456 0.13827160493827154 0.13086419753086434 0.03456740740740738
3 0.4753086419753087 0.13580197530864202 0.1308641975308641 0.039506666666666676
3 0.6358024691358025 0.1382716049382716 0.1308641975308642 0.039506666666666676
3 0.7999999999999999 0.1320982716049383 0.12345679012345667 0.03703703703703712
3 0.7901234567901234 0.20370419753086422 0.12345679012345678 0.037037037037037035
3 0.6271604938271604 0.20370419753086413 0.128395061728395 0.0419748148148148
3 0.4691358024691356 0.20864197530864192 0.1283950617283952 0.03703703703703709
3 0.3000000000000001 0.2098760493827161 0.12592592592592577 0.03950666666666661
3 0.7839506172839505 0.272839012345679 0.12098765432098768 0.03209925925925927
3 0.6209876543209876 0.2802464197530864 0.12592592592592589 0.0419748148148148
3 0.4666666666666667 0.27901234567901234 0.11358024691358004 0.039506666666666634
3 0.7765432098765432 0.3444449382716049 0.12098765432098768 0.027159999999999962
3 0.7691358024691357 0.4061723456790124 0.12098765432098768 0.03209925925925933
1 0.8246913580246914 0.5345679012345679 0.1283950617283951 0.03209925925925927
1 0.825925925925926 0.6123456790123457 0.12098765432098768 0.03950666666666658
1 0.8222222222222224 0.6876538271604937 0.12839506172839477 0.04691407407407411
1 0.8246913580246913 0.7654316049382717 0.12345679012345678 0.03456740740740749
2 0.5987654320987655 0.5617279012345677 0.07160493827160508 0.07160444444444447
2 0.5987654320987655 0.6271604938271604 0.07160493827160508 0.06419703703703705
2 0.45185185185185184 0.4913575308641974 0.07407407407407401 0.08888888888888902
2 0.4506172839506173 0.5901234567901235 0.07654320987654306 0.09382666666666661
2 0.26296296296296295 0.4950612345679013 0.08148148148148146 0.07654370370370372
2 0.2666666666666667 0.5765427160493828 0.0790123456790125 0.07654370370370378
0 0.4864197530864197 0.4160493827160494 0.16296296296296292 0.041974814814814965
0 0.3160493827160493 0.4259264197530865 0.16790123456790107 0.046914074074074
0 0.32592592592592573 0.32345679012345685 0.15802469135802458 0.04938222222222227
1 0.6543209876543208 0.44197530864197543 0.12839506172839543 0.039506666666666634
2 0.1296296296296297 0.16296345679012347 0.1555555555555554 0.064197037037037
2 0.12962962962962962 0.26790123456790127 0.14567901234567904 0.07160444444444444
2 0.13333333333333347 0.37283901234567907 0.16296296296296298 0.064197037037037
2 0.13703703703703718 0.47654271604938264 0.15555555555555556 0.059259259259259456
