1 0.8334991957361253 0.3661623231354765 0.12047313433711526 0.06821684138915834
1 0.6390900238055952 0.39331358482824763 0.11692001518566941 0.06217430826876291
1 0.44610464089720975 0.40873633911270757 0.10697093123511514 0.04973780108414083
1 0.6438717114870607 0.4779003676193364 0.12154199951908962 0.054354199594640884
1 0.46510268593420045 0.49154885755581285 0.10874512461252434 0.06395358978537236
1 0.4753933481819301 0.5740031615635671 0.10732564216356388 0.052579935246657605
1 0.6637589000434876 0.5562688464581029 0.10732564216356355 0.052579935246657494
1 0.8537236560165438 0.5397798779619816 0.1041276597640095 0.049382948214544364
1 0.8668575897353781 0.6218793291001392 0.1105238374748394 0.055778628241653805
1 0.6768930466740438 0.6383700035591433 0.10234894690169472 0.057557909758262915
1 0.48941663833192234 0.6516602790602688 0.10981420270621978 0.05009265395373774
1 0.4979309539156505 0.7314498753403047 0.10697093123511492 0.04973780108414083
1 0.6715457158306954 0.7227759983496792 0.12296148196805001 0.06572785413335591
1 0.8714619219526192 0.7050450448099694 0.11621038041705001 0.05648833398084696
1 0.8689578625803758 0.7890961867309085 0.10697093123511447 0.04973780108414094
1 0.6813040987740298 0.8009653951507758 0.11621038041704967 0.05648833398084696
1 0.496671174814735 0.8139025237451873 0.10234894690169472 0.057557909758262915
1 0.5103397540362785 0.8887175070793725 0.10341781208366868 0.043695267963745454
1 0.6882194231579808 0.8795113507843517 0.11514582180825961 0.047958519567532054
1 0.8723200678128809 0.8623093149832823 0.11301218510577427 0.05328964098585087
1 0.8836776548677139 0.9417440583937218 0.10519221837279935 0.05791276262785994
1 0.6962012465255922 0.9550343338948475 0.10768056600373421 0.05542377537205667
1 0.5140545169106403 0.9735950213595238 0.10803548984390487 0.05280995728095239
1 0.8868622917242726 0.9953098562134894 0.0980861929816289 0.009380287573021229
2 0.09292210643290227 0.887392087212058 0.07888410139442341 0.09381461300347382
2 0.10445489566536792 0.9671567961191158 0.07852917755425248 0.06568640776176848
0 0.1254557184293819 0.812587138215125 0.1680989016655616 0.06856165992150332
1 0.5054762829781474 0.3060370588263219 0.1318462202215357 0.06963625286754505
