3 0.17815687451714904 0.09970318039788781 0.10236331976196894 0.029085239048313366
3 0.05910583582775851 0.09025479389610455 0.11821167165551702 0.02945398030327541
3 0.1736213701241206 0.1580911402735632 0.10864482606671369 0.02589332645275208
3 0.05204947288856645 0.1502038403913018 0.1040989457771329 0.029232735550298233
3 0.07412756184853606 0.19589388924124995 0.11515875216718635 0.03272164559706667
3 0.0663350246653845 0.2575515188579536 0.10236331976196898 0.02908523904831334
3 0.1932818398210987 0.27052368508476393 0.10251832828346466 0.03576806613788042
3 0.3237968177023161 0.33538735917240103 0.0992613419865992 0.032352904342104416
3 0.1951052995003052 0.32905914146242415 0.10895475012318914 0.039254971737411326
3 0.06494022693147079 0.31768493598063186 0.10887729235569926 0.035915562639865006
3 0.06191695929575324 0.37945118352658685 0.11197927013106922 0.032647897346074095
3 0.1920432564875852 0.3924970980043895 0.10562030605883449 0.03250040084408928
3 0.3224020199684024 0.3955207762950792 0.0992613419865992 0.032352904342104416
3 0.31146877612613644 0.4554329486647801 0.09926134198659914 0.032352904342104416
3 0.17482855283383186 0.4489203603273222 0.1121342321593066 0.03932871998840359
3 0.050307204846708 0.44095931219406836 0.100614409693416 0.035841814388872795
3 0.174984720740974 0.510762360571507 0.10236331976196897 0.029085239048313727
3 0.3054209884825394 0.5104446253174131 0.11523625642793453 0.03606305914184993
3 0.2991407345499566 0.5754785381571592 0.11213423215930712 0.03932871998840359
3 0.2978234410767908 0.632270541735054 0.09290237791436423 0.03220540784011949
1 0.18793757342549677 0.638078758714155 0.08995536216723249 0.04215389577624018
1 0.32267933752217137 0.7264389410972902 0.11515875216718668 0.032721645597066584
1 0.31802755349139233 0.7898400235137597 0.14074957048436454 0.039992454247335885
1 0.3132983116931233 0.856580515027775 0.14710853455659914 0.04013995074932042
1 0.31965848164426286 0.925250834416274 0.15021055882522658 0.03687428990276698
2 0.14280613619254706 0.7322944011033311 0.05536848808716323 0.05804572384476603
2 0.032046368022576016 0.6678732165216484 0.06409273604515203 0.08165285451675319
0 0.05982722094594968 0.6066949505363959 0.11849319623154189 0.039476216490388905
