0 0.5279859574861752 0.3056894869657155 0.12023173681513027 0.05484411539694778
0 0.5365516868766995 0.21984000860110267 0.13537047237147692 0.051398714931753575
0 0.4062079946503275 0.20714523880955957 0.1288729748309274 0.04584677826644029
0 0.4047862745883564 0.30193372481493097 0.12630387590606007 0.0537324846414135
1 0.48180402085458274 0.4369401893904879 0.07841119244166578 0.049353517280384285
1 0.4778726859398539 0.5710437231788585 0.08671214369776686 0.03502532621319909
1 0.4851207278105409 0.5058513369845983 0.08448333153259535 0.04824188652485012
1 0.4653653849262943 0.6340436166336031 0.07909931640064699 0.03608163653798546
1 0.46342098539141074 0.7007622051567459 0.07584209351679821 0.057239223655357385
1 0.44830204960802195 0.7563215999185149 0.09534490759999004 0.04996154453272028
1 0.44798156262128364 0.8217627290567843 0.08422811646282335 0.044243746072341716
1 0.445136359902609 0.8784307123493604 0.08311463405422209 0.050852059393893145
1 0.5988605048996487 0.6094500359180492 0.07157248446743558 0.03847069351266741
1 0.5838691766511458 0.663010360453564 0.047885133024804905 0.028312555976783615
1 0.5736663617051233 0.7140710866500791 0.05002039938647851 0.03769683763099185
1 0.5640590485885688 0.7558028184574079 0.06345015070475635 0.031530756098162915
1 0.5580020103768176 0.8023372158732958 0.052154742074167704 0.047081086119474036
1 0.3713885011610223 0.4262967348654938 0.09346485630808837 0.04457540333102067
1 0.3750454948766765 0.48987702852292636 0.06754114226069713 0.07156741472254269
1 0.3689931555587045 0.548433507511713 0.059503880187942004 0.06596019079220772
1 0.358194838783214 0.6088232280974144 0.057879043965812116 0.06457219004301651
1 0.3592014371038714 0.6776514282111297 0.08687381296404101 0.06162430863156654
1 0.34891355046792494 0.7300448678918141 0.0768629537958862 0.07323178546539111
1 0.34457111906200666 0.7859912071772835 0.08952705990484783 0.05507128257503702
1 0.33462729440555083 0.8450758413284636 0.08670366958419301 0.05895888166322749
2 0.4927299451649591 0.37455139857853215 0.07001669538206678 0.08628255031342863
2 0.39941920768355554 0.361850577503261 0.08883046183229276 0.0922767187674643
2 0.6938528764065746 0.5353863121083395 0.03616528961858123 0.0371993517429734
2 0.683650061460552 0.5864470383048548 0.04120901799083354 0.04402874779316035
2 0.6698109762458175 0.6340377792112547 0.044117480001412246 0.041473862189139066
2 0.6632397326747277 0.6765464091249861 0.04359857574829462 0.05741113673415077
2 0.6564992693977747 0.7217204991727826 0.053864649986221536 0.04980180035283466
2 0.6453096559040524 0.7640633004571742 0.05540441451842715 0.049857087617856455
1 0.6259885608904219 0.5349532069937978 0.08842112793583601 0.03774600728083377
1 0.6412738648338643 0.4647063368565168 0.09440911901082616 0.03530169620685608
1 0.6476201798467756 0.38946331226596387 0.09774293947102508 0.0394103780236823
2 0.6311837218206422 0.3447927925556399 0.06301631814156239 0.04880074412734414
2 0.6745110579460017 0.24616591027764562 0.10595126859761272 0.04768306208808204
2 0.6899627300494975 0.1612315647648526 0.10099261191528441 0.04218637952206472
0 0.39792508057245135 0.11935501970844123 0.0880808411761399 0.032415153344156
1 0.7500930722221559 0.3069856937531618 0.08447578109300602 0.07217547514060463
3 0.5725706581385145 0.019232611133051584 0.13776095380292253 0.03846522226610317
3 0.4539940440571074 0.02846322476539641 0.06685301830171603 0.05692644953079282
3 0.38035534036475926 0.01872270102758848 0.09286180403903116 0.03744540205517696
