2 0.4571378865519897 0.030687886888257198 0.05673787933708274 0.061375773776514396
2 0.4524174132455288 0.1098317929648685 0.07070372207123832 0.10070352288866552
2 0.4425147651396367 0.1994189921287665 0.07147814932978669 0.09929888685187072
2 0.4332613537080702 0.28172228267448696 0.06959611400882099 0.10032741571491272
3 0.40293816962879647 0.11030419324986847 0.04764371530727629 0.04952335201386546
0 0.5408022546605704 0.17492260817377367 0.10723801963918866 0.07976324784775318
1 0.5268434707509909 0.2231526956636682 0.05185761651831022 0.06095788916009992
1 0.5148282928427822 0.3149244635024526 0.04831007691501493 0.05308483843496142
1 0.507591978570415 0.40248909799972943 0.049417684977432486 0.05346094560871445
1 0.6247526881230248 0.4451696978675361 0.04930103521219975 0.04175009394694429
1 0.7570495376780205 0.46705515160350797 0.035793207424552165 0.047166916313129637
1 0.7396393781988579 0.5460385445361158 0.03844986987257493 0.04473481964557269
1 0.7268027097104992 0.6151496347113211 0.03313654497652996 0.04959901298068692
1 0.3875782260480465 0.17026951326817075 0.02781503570307836 0.03778836866069912
1 0.3796158538386466 0.22772755747542572 0.029589005373234445 0.04172596225554817
1 0.3749761253694158 0.28615869396455185 0.030030251827913468 0.038540583008205176
1 0.36645994912880697 0.34345473416354144 0.03667590020241873 0.0407972260507235
