1 0.10566444775215336 0.5726208494735475 0.12629450774607653 0.07158291884872559
1 0.3093921002202006 0.6012373240004445 0.12256626235137844 0.0652482927488347
1 0.511637246092941 0.6175605864567876 0.11213062972040572 0.052208363683525105
1 0.3043107622060768 0.6898843575285234 0.1274026871162473 0.05705802466487875
1 0.49165795335668694 0.7043363581115611 0.11400181674323612 0.0671057224874666
1 0.4808047093419914 0.7907438995817273 0.11250473239411707 0.05518676279157353
1 0.28340327711102575 0.7720018288247609 0.1125047323941169 0.05518676279157342
1 0.08432477351956728 0.754563619189055 0.10915103877597973 0.051834111308864284
1 0.07049193856044568 0.8405969082845601 0.11585865056367893 0.05854120202884927
1 0.26957021760047944 0.8580369056748325 0.10729420495553699 0.06039863176748117
1 0.46604345747264825 0.8721206760732627 0.11511022066483168 0.052582616058186704
1 0.45705411160387666 0.9557369446227109 0.11213062972040583 0.052208363683525216
1 0.2751047237801272 0.9465028352056345 0.1288997714653662 0.06897698436077171
1 0.06559765188317743 0.9277547422586149 0.12181783245253097 0.05928970677817191
1 0.4494978008461047 0.5098777759242021 0.13821287152378026 0.07307992834736987
