2 0.5054431736994702 0.3035745066755212 0.10808172508098546 0.10325641746909492
2 0.46513776209202634 0.37878241268128454 0.10273540263082703 0.10026785658600551
2 0.4245549748562045 0.4516088969948713 0.09830396284243476 0.09437603609155987
2 0.3876264206015966 0.516837910801905 0.09233185245346481 0.08793329666507022
2 0.3555051632378116 0.5825000075989141 0.10302449735378139 0.09391041843124848
2 0.32342501636865195 0.6466659790728462 0.08953868120299407 0.08047368996259252
2 0.2901087676334755 0.7057933170127709 0.08790041266507248 0.08204147617062452
2 0.25479121149945594 0.7625978205479209 0.09714813535761657 0.08534831249741781
2 0.22944947969902518 0.8196583224763098 0.08554060779553396 0.08227445034259673
2 0.20559459756814996 0.8727823594184112 0.08963442959579948 0.07835432345525206
1 0.17766448377715593 0.6519590559021423 0.10037614916828794 0.06604335454480736
1 0.14780731338406605 0.6981152509971845 0.10263928087275206 0.06792941619654358
1 0.12439669976154161 0.7476372003900549 0.12373547595043094 0.08624109788365708
1 0.10591834844803077 0.7931045181709362 0.12392882228058 0.08200302623624067
1 0.0764643360686666 0.837154751039824 0.12845601046177757 0.08577548022334569
2 0.4866514415794042 0.6817234115156598 0.10644493272233252 0.07036705814758859
2 0.4529731453251271 0.7414605863586626 0.11024965979964368 0.07280436941500112
2 0.4265896493306496 0.7988557964077406 0.10418087624559907 0.06848066581221968
2 0.39195344380589114 0.855936090092545 0.10716739382621876 0.07170220086728107
2 0.35539978580585485 0.9077019600936872 0.10581822001125168 0.06691254892055554
1 0.5129647483529445 0.6144668145262888 0.1291308730727609 0.0709415680901232
0 0.531068203411884 0.5824626405512989 0.13067154367333877 0.07149248702216704
0 0.5623839617153747 0.5210127988902322 0.1430024571115771 0.0759018225803137
2 0.5706775549668011 0.44570598326249716 0.07740111409490491 0.07182628275702985
2 0.6020626855240714 0.394117197858091 0.08563728096060841 0.0801554145188883
1 0.2356000032088768 0.5369915512072504 0.11381436682617208 0.06331102816054801
1 0.26196983350072567 0.4924493173773534 0.11145363718436424 0.06354367164888747
1 0.2814899490082835 0.44664729147578297 0.10938292703777991 0.0574192076661022
1 0.3037749435131959 0.4004516394824892 0.10066524389124232 0.05968591639005005
1 0.3269073645401851 0.34854793771380965 0.10909383231482545 0.06377664582085951
1 0.35476322753443196 0.30006890821399246 0.10827469804586476 0.06456053892487534
2 0.7655800386790894 0.3816402724394343 0.09122417486854906 0.06061715171067278
2 0.7370702698675786 0.44120036268570123 0.09594470937989574 0.060151534050361444
2 0.6993079547935224 0.49928445004894006 0.09069506009481187 0.05504393734356405
2 0.664074253583068 0.5530973643052024 0.0845296033756926 0.05283926956449081
2 0.6323270755066972 0.6052959866126868 0.07682347605599571 0.05008368285337361
2 0.6033875208566211 0.6556055188726366 0.07836414665657354 0.050634601785417455
2 0.5683618230207651 0.701938798564415 0.06921309712910406 0.045208729634915734
2 0.5395883442835046 0.7462644908993248 0.08000241519449536 0.049066815577386236
2 0.5123710874695789 0.7965147745046073 0.08062820313330682 0.052520994120786146
2 0.4877235550138802 0.8409977596798373 0.07610101495210947 0.04874854013368124
2 0.6668479197400834 0.2804094852348727 0.10263928087275187 0.06792941619654322
