1 0.3392842815756909 0.4072824773838549 0.04826727935032621 0.040918654059300896
1 0.33498214270739307 0.44718242010854914 0.04558805405439448 0.04035993004882482
1 0.33155267435962393 0.4821125415008308 0.044675769114690844 0.04341701059847097
1 0.3314046027086408 0.5188880997687325 0.04156921611049719 0.039521844033110376
1 0.3288478048814004 0.5488483998286018 0.04424844140642881 0.04008056804358662
1 0.32397729178739243 0.586210417362567 0.043122428507027355 0.041468926799355765
1 0.3213528996098628 0.6178384381834434 0.0404432032110959 0.04091020278887947
1 0.32127246288200817 0.6529452746574682 0.040870659130491094 0.044247646376633476
1 0.31791058888452817 0.6862076752887428 0.04446204115499297 0.041748288804593914
1 0.31391274631104893 0.7185998714902955 0.0415692161104973 0.03952184403311043
1 0.31309490890892233 0.7553390857089788 0.04108425887905526 0.04591536713764055
1 0.42567649556475773 0.44527984117297104 0.03803520718690834 0.032289233879996215
1 0.42117149249991404 0.49018494824642633 0.03492865418271496 0.02839406731463573
1 0.41603048028623213 0.5342208519230296 0.03551220853862802 0.04313019835568099
1 0.4129665219676272 0.5766940628548016 0.03712292224720454 0.0353463144296422
2 0.4981105894644001 0.46331386262074703 0.06230446149794383 0.04871743846044313
2 0.4970898472928883 0.5050592422210612 0.06181950426650151 0.05511096156497319
2 0.4913128665032074 0.5482249414679424 0.06321661822651409 0.045659356877927326
2 0.4858739791834894 0.5830490338111785 0.0605373929305823 0.04510063286745092
0 0.49530893669977744 0.43307081843008916 0.07313636530576295 0.0314904011177799
1 0.6138326312465139 0.5229223195405941 0.02448285405959949 0.0180959253414541
1 0.6127506753406566 0.5496168630782764 0.02448285405959938 0.0180959253414541
1 0.6095240711894332 0.5795418201217971 0.02667725033522239 0.025049173489330334
1 0.6057628899876444 0.6060949915940851 0.029783803339415882 0.02894434005469071
1 0.5981857756113433 0.6274299395866507 0.026249922626960576 0.021712730934446034
1 0.6546908170094703 0.5250782435378581 0.02314324141163393 0.017816563336216173
1 0.6516670770547927 0.5499980362326178 0.024910309978994905 0.021433368929207886
1 0.6698742752710218 0.5810539697992934 0.029783803339415882 0.02894434005469071
1 0.6654770849203948 0.6067379378747291 0.028230590942886047 0.026997257288445264
1 0.6411548124445213 0.6271893104585801 0.02335696937133136 0.019485285130092844
3 0.4565131900774234 0.38002939056471063 0.04746999703471555 0.02451380122437896
