3 0.5650110479620833 0.3332586627436849 0.10993215547178148 0.08329423208948689
1 0.6101065757641551 0.3996244970459214 0.06755233412885453 0.06576958213683637
1 0.6122390836192612 0.48562594292652755 0.06668089769342411 0.060593141507804815
1 0.6153976699664911 0.5606120535411792 0.07035967301179258 0.057124793844725574
1 0.6244595290300896 0.6454916382712843 0.062421048559910486 0.06060983855944613
2 0.44117972035997655 0.23888100621003217 0.1032287655765623 0.11310727081874514
2 0.4375421280993883 0.35513512013245246 0.14398764178410756 0.15265421769151966
2 0.4484845319928097 0.4653641870706752 0.14200289852749376 0.15352496122613685
2 0.4584903839055858 0.5678296283534767 0.13798491977973304 0.14231803348509803
2 0.45451142699848524 0.6422117748129101 0.07524908819498377 0.07350816221479584
0 0.24723202599948785 0.4417173147578862 0.18273554353256669 0.11062371954472089
1 0.26827191775999987 0.49900265969074575 0.09090871283026128 0.0842359049831718
1 0.2827794977365698 0.604623628546066 0.08207440582568251 0.07607030166372442
1 0.2968224597119582 0.71127338237825 0.08831864964123592 0.07518079050121407
1 0.30806258216269555 0.804449313700816 0.08493041123043998 0.08037496347001272
1 0.09648716103215725 0.7391522478814037 0.07636222072888035 0.0674599427630217
1 0.6913253045522896 0.21884585979665871 0.030545320166050938 0.042178980392644394
1 0.6910082413278491 0.279661107572837 0.02655158753555642 0.03744626005674223
1 0.6932713185159067 0.3325829966227417 0.02768914047400617 0.03787328329823031
1 0.6967761071104577 0.386037606609686 0.026842124443128723 0.039172085362461195
1 0.8419472793634779 0.3840183053818784 0.0441471146183412 0.03435277390397584
1 0.8417270586287984 0.43587578784583 0.044171535022894615 0.04082801659723834
1 0.8471946025863677 0.4860797235103669 0.039064669858503875 0.042143515713110646
1 0.8463015718046695 0.5372401656454632 0.04332451899201728 0.04212681866146939
1 0.8476836468998706 0.5877391890607937 0.04075887620754526 0.03954694687277438
1 0.8200242703311627 0.6707920573834881 0.038532436852465546 0.05164235048819732
