0 0.8981250000000001 0.319167 0.16875000000000007 0.038333000000000006
0 0.918125 0.3875 0.12124999999999986 0.04166700000000001
1 0.8818749999999999 0.436667 0.0787500000000001 0.04666700000000007
3 0.935 0.521667 0.11250000000000016 0.040000000000000036
1 0.8975 0.5875 0.07500000000000007 0.03833299999999995
1 0.893125 0.655 0.0737500000000001 0.036667000000000005
1 0.8868749999999999 0.721667 0.06875000000000009 0.036667000000000005
1 0.88125 0.7875 0.07250000000000001 0.03833299999999995
1 0.8768749999999998 0.849167 0.06875000000000009 0.03500000000000003
1 0.87375 0.905 0.0625 0.026666999999999885
1 0.871875 0.9708330000000001 0.06625000000000003 0.02833299999999983
2 0.7131250000000001 0.9358329999999999 0.06625000000000014 0.05833299999999986
2 0.71375 0.868333 0.07250000000000001 0.05666700000000002
2 0.7193749999999999 0.7949999999999999 0.06874999999999976 0.053332999999999964
2 0.719375 0.7225000000000001 0.07125000000000004 0.05166700000000002
2 0.7175000000000002 0.641667 0.0675 0.050000000000000044
0 0.7193749999999999 0.5966669999999998 0.14124999999999976 0.053332999999999964
0 0.7175 0.514167 0.14500000000000002 0.04833299999999996
2 0.7050000000000001 0.40833299999999995 0.11249999999999993 0.07666699999999999
2 0.71 0.321667 0.12249999999999994 0.08333299999999999
2 0.6950000000000001 0.244167 0.08500000000000008 0.05499999999999999
