2 0.5259022869092219 0.24258666946464635 0.17605385478340257 0.09126953184815687
0 0.48256984189706376 0.36830509066939043 0.2980280932842818 0.11450316038457126
0 0.4964807254892003 0.4560754536425967 0.27441336895344587 0.09856476319033103
2 0.5483588977223943 0.5123339042370894 0.22081482331041513 0.12040882037330486
2 0.5676393902265804 0.5957981980545523 0.21158024911765433 0.11968715091733784
2 0.5728584394284109 0.6736622557648735 0.20235627523112643 0.1021331169145161
2 0.5842588061045133 0.7373565793727574 0.20225196739312856 0.09762309363669541
2 0.5921138806728421 0.8056394630409645 0.18453514082327582 0.09408538153489354
2 0.607487371114942 0.8659533410711491 0.18528842897616382 0.09199120130412419
1 0.32316636273130855 0.9298413132027565 0.11250984801965613 0.04715664161851496
1 0.31433878402786297 0.8733945187360252 0.12056233606408645 0.048764569781726386
1 0.29853071226859434 0.8215754562413191 0.1161594479654274 0.04900769581550579
1 0.2795592926311128 0.7632735602958146 0.12990121809484517 0.053996262515513926
1 0.262679225883237 0.7084346939922945 0.12829130028829033 0.05367479265833053
1 0.24242622924393425 0.6368064893763075 0.13108330424317594 0.05311000380827002
1 0.2193228082404117 0.574155498040672 0.13355178437783516 0.05584750967160235
3 0.1328275084142413 0.5054062626031833 0.20827537360457593 0.0808690729132453
1 0.16863093724639508 0.4070621281953715 0.16124490664988506 0.07484488258635835
0 0.1075165706650264 0.3604987060145126 0.2150331413300528 0.09672122467961297
0 0.1376568537342177 0.257397567972416 0.2753137074684354 0.14090494304638676
