2 0.8182675441917004 0.4596226613721913 0.187921211039769 0.11224267315431335
2 0.839826914365229 0.5400362365092157 0.16955594056807388 0.11741453179146022
2 0.8568245130025663 0.6171412262962008 0.17730627935397125 0.1134852746086622
2 0.868514804694537 0.6978177544288594 0.17444200424913525 0.1107998766690459
2 0.6102030819803853 0.5110779585634648 0.17444200424913547 0.11079987666904617
2 0.620461236119938 0.591001709471132 0.17444200424913558 0.110799876669046
2 0.6394207366823743 0.6709562104667406 0.1814464898307926 0.11256964190349594
2 0.650051817424047 0.7474405284209675 0.19259086809420745 0.11342251664394609
1 0.3695102714489992 0.5562803933545849 0.11120709618522034 0.05949801156588097
1 0.38873481309530855 0.6372838902364262 0.1161901109857163 0.0705690876511933
1 0.4091267690052275 0.7179924262458588 0.10632103250415842 0.06611266668829474
1 0.4315885123584926 0.7970620446242429 0.11099068955859676 0.06729251017792803
0 0.10762593319458243 0.6503261665429775 0.20046002679716565 0.08401051406370996
0 0.13491417137284725 0.7337521083688008 0.1799763344248742 0.08079795234399312
0 0.15413839522409195 0.8147543474618093 0.1817813985794123 0.07929114010517713
0 0.1756977653976204 0.8951679225988338 0.17997633442487426 0.08079795234399267
0 0.02167380852454323 0.9489508988925995 0.04334761704908646 0.0846644515620747
