1 0.1999383015239627 0.1736871982586685 0.03330842410962673 0.03594697781743039
1 0.21012641854234856 0.23335585026132913 0.03281336098731885 0.029233289516918448
1 0.21630159538131766 0.29355056744927344 0.03420740975757128 0.03273993450437951
1 0.22305004938877487 0.35367013246789153 0.03420740975757128 0.0327399345043794
1 0.2991152516724076 0.16068587296522835 0.03191430108361876 0.03243932582707443
1 0.3564266095194196 0.16079832991392065 0.028598422417205893 0.03366708663696871
1 0.3066845515373846 0.22408763346622368 0.033060855420595 0.03258963016572697
1 0.3598136888178839 0.2145809744815529 0.029249913631874236 0.027103702675109254
2 0.3005079031418713 0.31301389408358216 0.05289083992338317 0.05513455748280777
0 0.33566914017763844 0.39736903892382447 0.060701943852540685 0.0378756081192384
0 0.3414403202352153 0.4677840893997418 0.07479915667044751 0.059669013743056665
0 0.3492407555316685 0.5421698644308621 0.07492294101496344 0.061347687568908404
2 0.33618836207711766 0.6006484221433908 0.07677933490392369 0.0865227599422097
2 0.34152640831252246 0.6651896247331694 0.06813460707826624 0.07707826744527857
2 0.35468833651606485 0.7337888635963672 0.05449973937906727 0.07695328920730049
2 0.3532089117739923 0.8000707256295392 0.06506622284512958 0.08166236890398126
2 0.3575241137611811 0.8664398993809272 0.0691247333228821 0.09050564404630279
1 0.42947392878628976 0.48420384361143665 0.04158179890173663 0.04035544883680625
1 0.43448619228648266 0.5521765390193503 0.047842351712525766 0.03286591974525244
1 0.4347885283500101 0.6190727849589168 0.04158179890173663 0.04035544883680664
1 0.43713640439845836 0.6823110745694748 0.043998691920205 0.04233473133996313
1 0.44108032760785515 0.7436452338462027 0.04477396747938911 0.03745002120395535
1 0.44668222727833606 0.803915103203473 0.044773967479389165 0.03745002120395513
1 0.4491083173729644 0.860364552344193 0.04604423190512569 0.03927799236556451
1 0.4560587697711177 0.9153739507188248 0.04489767756814944 0.03912768802691213
3 0.4557116971160674 0.42399678600440455 0.07061693610393477 0.04914807177777869
1 0.4261594474206657 0.3372114456450481 0.04960767926057047 0.04140757920737376
2 0.4180987396519562 0.23574747490969084 0.060297947071148494 0.047795332729906354
2 0.5278550255611989 0.24847261327551007 0.03017460386928994 0.07044055744678968
1 0.5177600842900048 0.3235094317298924 0.0404352445647605 0.04020514449815393
3 0.5291075336843468 0.40674963444932877 0.057386065186127766 0.03910336892913263
1 0.544455145219126 0.4657419169280532 0.03510646966127118 0.029533898194223418
1 0.5463535284436021 0.5307340325337893 0.034083699668811085 0.031062267681422617
1 0.5455092359143976 0.5977795758091136 0.029373697976390223 0.028782376500960827
1 0.5441699545186409 0.6581124377868207 0.03433119410208718 0.03441860833023114
1 0.5513679013500705 0.7164781768102606 0.03293714533183467 0.030911963342770132
1 0.5508493915560779 0.7800922272674501 0.02937369797639 0.028782376500960938
