3 0.5551491319953217 0.26361940312082255 0.2037328436485537 0.05684473978565757
0 0.5577205901679438 0.49707430862298607 0.1722294908628793 0.05778696513374887
0 0.5578919892689845 0.5962985290138683 0.17005712204350232 0.05571388552842771
0 0.5573313862180829 0.5482058508959847 0.0756143052731102 0.060542949534913015
0 0.5613353579654423 0.4478390956442823 0.06522567793019685 0.06419435205679769
2 0.6027438620331445 0.6769828570413772 0.07906426423849067 0.10066140042225302
1 0.5299330653514059 0.7676323176525727 0.08681109447937957 0.08092024496607153
1 0.6175910721409144 0.7426375947487093 0.09796001732240378 0.03729177484306612
1 0.6243888648679524 0.8195881904141384 0.09816174208229911 0.04329893872970059
1 0.5389032268978211 0.8465146096371039 0.08266808160052064 0.08278124964206379
1 0.5402707289883039 0.9186359433015254 0.07201048791108033 0.07842310031510247
1 0.6278951149844963 0.8926400264165564 0.10019836490463785 0.04136720000409433
1 0.5606827129058928 0.9773334922067318 0.08667661130611615 0.04533301558653646
1 0.6495943766597816 0.9741018352987563 0.1004673312511648 0.049376751852940104
1 0.3779430942729909 0.9865564897572818 0.06977087750507116 0.02688702048543623
1 0.45833591236350035 0.9829638472722638 0.09612385643618548 0.03407230545547235
1 0.38860175299451555 0.7002110665150871 0.11900623835475821 0.03799852164814321
1 0.392165557085998 0.8063376285122976 0.106512483779099 0.041579232526918086
1 0.4131478316661819 0.8978467442303624 0.12572380674900996 0.050224881944236244
2 0.43492508757187626 0.6365114711470472 0.06983811909170301 0.07635002070978125
2 0.3595318822820476 0.5247784066951646 0.14086062125046833 0.06273396640626305
2 0.3484675439383552 0.4148944259146575 0.14704025695166612 0.058941223004664145
2 0.2824114293703365 0.9262927157313986 0.03970023608582468 0.05533667011665511
2 0.28601854186682796 0.9893599601823919 0.03732614250655214 0.021280079635216054
2 0.29438662647632796 0.8437000949984733 0.06128565263500779 0.07206256302592906
1 0.20658425111017206 0.5820352905218533 0.15939952835406151 0.05135573620146616
