1 0.5786504344426047 0.5381261828741686 0.04988989474516581 0.04109065229757436
1 0.5794549477901214 0.5747249270017278 0.04716793682431508 0.04033961035470279
1 0.5798186522290922 0.6067052732270266 0.04633085669571535 0.042984646050478026
1 0.5766999997644061 0.6397608020515897 0.04308499994303916 0.039213047440395554
1 0.5766228952948309 0.6671227503746283 0.045806957863889886 0.03996408938326712
1 0.5782277384083937 0.7015429602100037 0.04470784972669306 0.04109839361662382
1 0.5780707723723392 0.7304147337378348 0.041985891805842446 0.04034735167375225
1 0.5750320294102464 0.7619595310999794 0.042509947823036076 0.04336881459858932
1 0.5754755954156965 0.7924300521204858 0.04606882868711837 0.0414739145880596
1 0.5766396296207135 0.8222318640536008 0.04308499994303916 0.039213047440395776
1 0.574201514572354 0.8553735963931687 0.04277181864626445 0.044878639803381803
1 0.4879084580356715 0.5569230881045131 0.039315087173169616 0.032419985905476234
1 0.4884732908115215 0.5980531203617017 0.03606923042049337 0.02864838729539365
1 0.4897585438508237 0.6385153497891252 0.037066031981334624 0.04186673071284652
1 0.4890822379520817 0.6772055184362373 0.03847800704456977 0.03506502160125158
2 0.4130559937607301 0.5602670746742409 0.06428561118984122 0.049377150141560966
2 0.41037815020458956 0.5979410014010642 0.06397242989306662 0.055042742504547215
2 0.41238387144345856 0.6377345217410961 0.06512253413307317 0.0467312081881599
2 0.41478904432306735 0.6699761972842877 0.062400576212222614 0.04598016624528822
0 0.41857701407200654 0.5336020045322493 0.07475169343240623 0.03500720733740037
1 0.2907332684575596 0.5932691926547141 0.025232394839900474 0.018466989440877324
1 0.28945495609663213 0.6174363647652801 0.025232394839900474 0.018466989440877324
1 0.2900583411072697 0.6448854228609495 0.027641328649344654 0.024884530004360972
1 0.29150198666719285 0.6694010340620388 0.0308871854020209 0.028656128614443555
1 0.29726829761617324 0.689907109511658 0.027117429817519245 0.021863973337150067
1 0.24922341016458677 0.5879554965242313 0.023871415879475166 0.01809146846944165
1 0.25006647574689106 0.6108732664902714 0.02575645085709391 0.02148845236571406
1 0.22889419739072317 0.6355348118617531 0.03088718540202079 0.028656128614443332
1 0.23105826321409856 0.6593826202330769 0.02926433561836675 0.02677078243821507
1 0.25383681116839574 0.6820664399984677 0.02413344388807201 0.019602199931860187
3 0.4625236088648865 0.4928479067640411 0.04863106517572785 0.026361577417703064
