3 0.5487146637718547 0.34280369436326735 0.03817991333196635 0.020727228301511857
3 0.5499690807722125 0.3661379235232761 0.03685100658011731 0.018836045671227264
3 0.5514290895586591 0.3920554769217253 0.03565918843123239 0.018667423643134673
3 0.5900887718826426 0.4083565849243211 0.03817991333196635 0.020727228301511857
3 0.5914116920661251 0.4325515777205782 0.03937173148085127 0.02089585032960445
3 0.5928031976694468 0.4576083674827791 0.038317001934930706 0.022449788903703805
3 0.5532794156334593 0.4153053950676878 0.02864536814088703 0.019378252076771185
3 0.553547606271021 0.4413915704942296 0.029837186289771833 0.01954687410486372
3 0.5549391118743426 0.46644836025643044 0.03089191583569284 0.017992935530764365
3 0.5120990906454562 0.39762000384878066 0.03327555213346267 0.01833017958694949
0 0.5231830963266457 0.43088466171779993 0.0356591884312325 0.01866742364313473
2 0.512724923624243 0.45848843539717493 0.01676891921968604 0.0330233551983945
2 0.5146646191659923 0.49043340090875287 0.017823648765606936 0.03146941662429503
2 0.5156180883449455 0.5251303126868638 0.019563739089633825 0.03852724773146021
2 0.5178319610926228 0.5605203994028256 0.01823483233778489 0.03663606510117556
2 0.5522694897073405 0.5086246582119379 0.017686642399357355 0.02974788935179845
2 0.5526747689478662 0.5364333942406716 0.01860428334231412 0.026471390175507037
2 0.5549362785948442 0.5648499608635147 0.01663183061672202 0.0313007945962025
1 0.5982498444747261 0.48818670327383096 0.02493282509126815 0.017149825390301576
1 0.6039020830660942 0.5213483633033231 0.028645368140886918 0.01937825207677124
1 0.6052935064327014 0.5464041197358286 0.029974274892735964 0.021269434707055668
1 0.607945333368033 0.5721530511061852 0.026398820446080995 0.02076356862277795
