2 0.865 0.4975 0.22999999999999998 0.10999999999999999
2 0.8050000000000002 0.86625 0.19000000000000017 0.11750000000000005
2 0.526667 0.921875 0.06666700000000003 0.043749999999999956
2 0.534167 0.870625 0.07166699999999993 0.06625000000000003
2 0.534167 0.81 0.07833299999999999 0.057499999999999996
2 0.540833 0.74875 0.06833299999999998 0.0625
2 0.543333 0.684375 0.07000000000000006 0.06874999999999998
2 0.4 0.8181249999999999 0.033333 0.04874999999999985
2 0.39916700000000005 0.76 0.038333000000000006 0.0625
2 0.4 0.6925 0.05333300000000002 0.0774999999999999
2 0.39749999999999996 0.61875 0.05499999999999999 0.07000000000000006
2 0.39250000000000007 0.545625 0.058333000000000024 0.08374999999999999
2 0.29 0.780625 0.036667000000000005 0.043749999999999956
2 0.29333299999999995 0.735 0.04999999999999999 0.04499999999999993
2 0.29999999999999993 0.6856249999999999 0.04999999999999999 0.053750000000000075
2 0.289167 0.629375 0.04166700000000001 0.05125000000000002
1 0.158333 0.56375 0.066667 0.02749999999999997
1 0.140833 0.6212499999999999 0.065 0.03749999999999998
1 0.15000000000000002 0.669375 0.07333300000000001 0.033749999999999836
1 0.150833 0.7112499999999999 0.065 0.03749999999999998
0 0.493333 0.60125 0.14000000000000007 0.07250000000000001
0 0.343333 0.471875 0.12 0.04625000000000001
0 0.52 0.45625 0.12666700000000003 0.04749999999999999
3 0.270833 0.221875 0.10166699999999998 0.028749999999999998
3 0.38833300000000004 0.2325 0.12333300000000008 0.034999999999999976
3 0.273333 0.27875000000000005 0.10333300000000001 0.027500000000000024
3 0.38833300000000004 0.29312499999999997 0.11333300000000007 0.03375
3 0.283333 0.331875 0.1 0.03125
3 0.38916700000000004 0.35125 0.09500000000000003 0.03500000000000003
3 0.530833 0.36687500000000006 0.10499999999999998 0.03875000000000012
3 0.2899999999999999 0.380625 0.08000000000000002 0.03125
