2 0.613333 0.25625 0.15999999999999992 0.0625
0 0.5283329999999999 0.369375 0.286667 0.06125000000000003
0 0.511667 0.45687500000000003 0.266667 0.048750000000000016
2 0.5425 0.52125 0.19833299999999998 0.08499999999999996
2 0.5325 0.6056250000000001 0.18833300000000008 0.08625000000000005
2 0.5108330000000001 0.681875 0.18499999999999994 0.06875000000000009
2 0.5 0.745625 0.18666699999999992 0.06374999999999997
2 0.484167 0.813125 0.16833300000000007 0.06374999999999997
2 0.47833300000000006 0.874375 0.17000000000000004 0.06125000000000003
1 0.18166700000000008 0.88125 0.10666699999999996 0.027499999999999858
1 0.1925 0.8249999999999998 0.11499999999999999 0.02750000000000008
1 0.195 0.771875 0.10999999999999999 0.028750000000000053
1 0.19666699999999998 0.711875 0.12333300000000003 0.03125
1 0.19916699999999998 0.655625 0.12166699999999997 0.03125
1 0.204167 0.5825 0.125 0.030000000000000027
1 0.20333300000000004 0.5175 0.12666699999999997 0.03249999999999997
3 0.14333300000000004 0.434375 0.19999999999999998 0.04375000000000007
1 0.211667 0.34625 0.15000000000000002 0.04749999999999999
0 0.1524999999999999 0.28625 0.23833300000000002 0.05249999999999999
0 0.20166699999999999 0.18937500000000002 0.323333 0.08125000000000002
