3 0.614197915656268 0.4841017179054704 0.04176827088785173 0.02321807900819778
3 0.6108299629764131 0.5049812951016204 0.040277693146358096 0.02136338496655099
3 0.6071593929138352 0.528197311775021 0.038988900675664184 0.021066628768335205
3 0.6445900672846872 0.5568677059473316 0.04176827088785173 0.023218079008197723
3 0.6411212824929091 0.5785257847773014 0.043057063358545755 0.02351483520641362
3 0.6375515445422542 0.6009632998168822 0.04197005615865168 0.02477601685162867
3 0.6044358364693273 0.5492252670702791 0.0314579311223 0.020844029422470656
3 0.5994764739360553 0.5721445275454639 0.03274672359299413 0.021140785620686664
3 0.5959067359854007 0.5945820425850445 0.033833730792888206 0.019879603975471727
3 0.564629241380934 0.5184043572338968 0.03641131573427625 0.0204731163719033
0 0.569615809541515 0.5516348000352802 0.03898890067566407 0.021066628768335094
2 0.5530573147719973 0.571883254726522 0.019096918241005012 0.03159834810560114
2 0.5486806778320497 0.6005506519882446 0.020183925440899197 0.03033716646038609
2 0.5427126310386852 0.6312577325290022 0.022279737947839107 0.03686473945653468
2 0.5379324235571381 0.6630410054775864 0.02078916020634536 0.035010045414887836
2 0.5846208955083612 0.6304812932299793 0.0199822612170526 0.028780163192746233
2 0.5794597477042893 0.6549584915485951 0.020867483146146948 0.02596104370410035
2 0.5761309564943353 0.6806593257983546 0.018895132970205064 0.030040410262170192
1 0.6371421171263121 0.6297424640394325 0.027389768439418427 0.01839582298439224
1 0.6364300723276468 0.6608580677392336 0.03145793112229989 0.020844029422470767
1 0.6328604554239452 0.6832946482030234 0.03294850886379386 0.022698723464117387
1 0.6304786778320611 0.7068074210746401 0.02908213145171179 0.021808454869469696
