3 0.36031996265279453 0.3575108959416389 0.0678127098064018 0.028184056708906502
3 0.43699682589406263 0.368287082165849 0.07793533954660337 0.03014263700426112
3 0.35572098806861374 0.39213518527366825 0.07148341870424196 0.027012079546627654
3 0.4352452416361846 0.4044778239417494 0.07186176170248215 0.02896748882704836
3 0.5155923595820179 0.41799519899463056 0.06983723575444217 0.028575772767977348
3 0.5013723184698523 0.4426410654499787 0.08033843558952175 0.032490936058806985
3 0.4139393597058778 0.42775268419034906 0.0762893836934408 0.03170750394066513
3 0.49639477379079355 0.479221937777483 0.06856984999615778 0.03209722269985621
3 0.4109861138782219 0.4647264462919787 0.06781270980640153 0.028184056708906224
3 0.32886959276861266 0.4549263792005118 0.06856984999615767 0.032097222699856376
3 0.23784969529784042 0.47485931901750145 0.06616675395323951 0.029748923645310343
3 0.32022156628835136 0.48876723641439934 0.07299724489047865 0.03483606409841894
3 0.40417321475024326 0.49993789792020177 0.07261890189223846 0.03288065481799818
3 0.48875878318791494 0.5132598267359603 0.07021580584932019 0.03053235576345248
3 0.48074444958679574 0.5492531249748581 0.073375814985357 0.03679264709389374
3 0.3981834070971644 0.5363229122181705 0.07426485774540076 0.03131578788159417
3 0.31404236003951463 0.5261311290676327 0.07021580584932008 0.030532355763452257
3 0.23103679616986156 0.5100707706457244 0.06616675395323943 0.029748923645310454
3 0.23029747488600372 0.5464573704511602 0.06616675395323948 0.029748923645310454
3 0.3177306607466155 0.5613445779957356 0.07502177083851924 0.03522778015748984
3 0.39927944026222667 0.5740789327228877 0.07059437594419815 0.03248893875892733
3 0.4826633471301204 0.5881838818643754 0.06730223714123618 0.03561749891668098
3 0.30971610004885874 0.5973390499496876 0.0678127098064017 0.028184056708906557
3 0.22708910627408355 0.5793221085323045 0.07666795378831898 0.03366408693613998
3 0.22274525447416715 0.6180554218848192 0.07502177083851938 0.03522778015748984
3 0.21631092544106623 0.6513102905175674 0.06211770205715872 0.02896549152716843
1 0.28521075895958115 0.6697153651866746 0.061228659297114685 0.03444235073946822
1 0.1885045360958774 0.7027544644532737 0.0762893836934409 0.03170750394066513
1 0.18333759282106077 0.7403142151360426 0.09324250437088186 0.03875322468912823
1 0.17779230654800401 0.7798293750992322 0.09729155626696268 0.03953665680726992
1 0.1649717808610481 0.818952407210938 0.09893773921676241 0.03797296358592028
2 0.30175476897215914 0.730754997062152 0.040851270149786234 0.03991404163695389
2 0.3806275107546895 0.7084717608907367 0.04957438446477819 0.05478292335238277
2 0.4751465374334426 0.7247299746420603 0.050084857129944316 0.047349481144608574
2 0.4692226810655075 0.7662017176007248 0.05008485712994393 0.04734948114460824
0 0.3704213379200834 0.6689518444051463 0.07907082273459975 0.036011212275631754
0 0.45102380574681833 0.6865770697634586 0.08387701482043636 0.04070781038472315
0 0.454034093406669 0.6384533194152817 0.0790708227345997 0.03601121227563153
2 0.5628698801493542 0.5752899089735679 0.08096344611235229 0.045792953537951875
2 0.5542305360254043 0.6253686568097526 0.0866584538615951 0.04501151871968978
2 0.5476157178494947 0.6758391207050083 0.08906154990451343 0.04735981777423581
2 0.5363179278017252 0.7233748851721662 0.0765358241213937 0.04305293842433533
