2 0.27125669390948753 0.3140266111396968 0.07944001373547896 0.07348367500279751
2 0.2842077532397269 0.3834942400083192 0.07424064420963045 0.07202698864763002
2 0.29525985090018414 0.45133409199994834 0.07197720401593338 0.067309589501442
2 0.30460363268311075 0.5123099974432668 0.06802949462692987 0.062491379200872055
2 0.31885134882045935 0.5718309563807282 0.07842823367862639 0.06540475191120687
2 0.33211243942601365 0.6302499893853604 0.06884753473940897 0.055667459644787365
2 0.34073352116833155 0.6854639347240944 0.06576605443323241 0.057773980054683705
2 0.34584374019758335 0.7397272313724694 0.07587571346868555 0.058379089024564124
2 0.36068955793161805 0.790504438998672 0.06254104508483782 0.05872642910525039
2 0.3742606798124877 0.837874876139314 0.07024272391847192 0.05346000705871512
1 0.19605703179116807 0.6877485814298477 0.09166450218997141 0.03755999027562562
1 0.199097584922585 0.7322669514776197 0.0934933113933997 0.03881493330023489
1 0.21062419543067806 0.776857280231249 0.11010320002779739 0.05126391545732811
1 0.22409688308755585 0.8166867636587403 0.1128956003177301 0.04684913130697732
1 0.22607955037799032 0.8595269512523284 0.11655422969049037 0.049359077867092926
2 0.5125776076635602 0.595633119833436 0.09700841172394159 0.040170808501020394
2 0.5212699497150663 0.6514233216935255 0.1005225010885798 0.04152662319090861
2 0.535346961624362 0.7028271309073773 0.09517859155460995 0.038915804965513945
2 0.5412992661772862 0.7570399614676643 0.09715295173206329 0.04132494037124723
2 0.5417694763433014 0.8080981704501405 0.0982590608948829 0.03680922404472087
1 0.49167052581525683 0.5370917830566526 0.1263256087734484 0.03390721231907112
0 0.4870714097752905 0.5071799960900033 0.1280098779687548 0.034008023473453164
0 0.4749404750147795 0.4510153415500137 0.1414900973266281 0.03481487577389164
2 0.4312439982258415 0.3932592434341057 0.058159715671468826 0.05044582319399815
2 0.42594212370946527 0.34423217696794484 0.06393724522980426 0.05651903703007455
1 0.17273467232293746 0.5829098204858285 0.11087204020402518 0.03069128512379593
1 0.16745896202649216 0.5408475117223605 0.10764601988972693 0.0316436736634651
1 0.15475508019435347 0.5003914267072196 0.10860860001032804 0.025973885977607858
1 0.1444308955353646 0.4586316724286917 0.09585209165896744 0.03093775353920236
1 0.131004313662617 0.41241362730896614 0.10442101054133224 0.032596122714031006
1 0.12445289781813418 0.36694460857083516 0.10288027038824397 0.03364938291897923
2 0.5740876726971854 0.2749790084243083 0.08295003233358123 0.034747428719672846
2 0.5876116790990524 0.3287380677680819 0.0894010619962744 0.032842591129437604
2 0.5912565564828876 0.38483076360221447 0.08559789261539252 0.029178512699094716
2 0.5943955438382963 0.4368900873631377 0.07885778293645584 0.02877508654887545
2 0.5997686786638607 0.4864934103506539 0.07043340406221266 0.02827084924427392
2 0.6065369045205262 0.5336910171201601 0.0721176732575195 0.02837166039865624
2 0.6047457933015823 0.5802405296842479 0.0634042143670327 0.025559159353600314
2 0.6075695364208165 0.6230303117006448 0.07519915356369578 0.0262651399887599
2 0.6159476439310207 0.6695509113053104 0.07394749342685103 0.029626663934162356
2 0.6228332358810045 0.7109362129039383 0.07028886405409107 0.02711671737404675
2 0.4100479357769283 0.23778719227559847 0.09349331139339989 0.038814933300234916
