3 0.5456238255938612 0.015272872320401698 0.07987872091070225 0.030545744640803396
3 0.467007871508604 0.026379171070275778 0.0783357038909876 0.04137636428630166
3 0.5496922421201942 0.060417267182149695 0.07723992387180256 0.04276608860888816
3 0.4716242451166649 0.0769393852123684 0.0715152269377452 0.03813481507501491
3 0.39092833902676316 0.09932707853353168 0.08119811943015193 0.04369251051083377
3 0.3933986280493895 0.12325583033319183 0.09526440028784094 0.043693346486688295
3 0.4042986777700345 0.18022267920446158 0.09220041044200844 0.04955901324730111
3 0.48642724576739593 0.10673389524230946 0.09351980896145817 0.04986782054794961
3 0.6703700758426274 0.11444756014218092 0.08383691646905156 0.044310125112130755
3 0.580773740794839 0.14154419254514095 0.08537993348876627 0.046317464036014375
3 0.49170331863518174 0.15713970573407776 0.09284908760493493 0.04477324459343543
3 0.6746619767249538 0.16770844699666398 0.08209245928693998 0.05048561808858293
3 0.588800352879521 0.19218114478963433 0.08274113644986669 0.04569984943471733
3 0.5002889098983905 0.21202247757906323 0.07723992387180262 0.042766088608888225
3 0.411005891335267 0.23116843874960347 0.07681486520914088 0.0492503888859889
3 0.41936786409821064 0.28435267897135386 0.07305810981318861 0.04014113508370759
3 0.5062245478816298 0.2622728655053164 0.07350534681371806 0.04353819833017758
3 0.592209070146129 0.2438989225863975 0.07350534681371812 0.04353819833017769
3 0.6793900925110115 0.21911741749277863 0.06932353275510417 0.04091324480499711
3 0.6805962276424513 0.26960089353247046 0.06932353275510394 0.04091324480499711
3 0.5935159253587673 0.2899821753752729 0.072409432650262 0.04492690373757324
3 0.509521522970241 0.31314188694805756 0.07196232979400385 0.04153085940629414
3 0.41925446656592946 0.33514394339650333 0.0708665497748186 0.04292058372888058
3 0.6835577079085295 0.3179216080827636 0.06755703137939606 0.0372083931730694
3 0.5971481269813688 0.34339746588008024 0.07109003413081216 0.04461809643692477
3 0.5145739773377621 0.3618491658165908 0.06426955717756971 0.04137654722563788
3 0.6860832415594194 0.36809627682180684 0.067109794378866 0.0338113299265993
3 0.6877143012092494 0.4114768190679101 0.06755703137939606 0.0372083931730694
1 0.729026649458029 0.49283497765329454 0.07151522693774526 0.03813481507501498
1 0.7367289229612477 0.5461736215253692 0.0682277527359193 0.04230296912758347
1 0.7415687809253025 0.5984313483755058 0.07285666965079174 0.0483239669840434
1 0.7499307536882462 0.6516155885972563 0.0690999142548393 0.03921471318176206
2 0.6107609518542041 0.539770617857456 0.04474615212901034 0.05820263964071393
2 0.6166857018849164 0.5847730450940616 0.04407543077248732 0.0531080636861998
2 0.5258848870599727 0.5097461806781582 0.047630611861771754 0.070399130473626
2 0.5341681839353147 0.5778286033604021 0.04939711323747986 0.07410398210555347
2 0.42528626100032785 0.5359172271550274 0.05047098320733934 0.06283493208977808
2 0.4346432937012581 0.5914943517037108 0.04915158468788966 0.06252612478912967
0 0.5375375105890402 0.4536283625699151 0.09088101192255871 0.04925020594665269
0 0.44739335260379487 0.48172917389241243 0.09396704596198774 0.053264883794419626
0 0.44339258986826524 0.41001863768064173 0.08891293624018226 0.053727167299869705
1 0.629604134659455 0.45046048196661526 0.0721859482942685 0.04322939102952916
2 0.3239681562287632 0.32418667870612217 0.08893498043377895 0.06360751190824954
2 0.33346999739808525 0.3963594984233429 0.08432810771250338 0.06746685866016966
2 0.34495093634658214 0.4680691071895907 0.09289317599212837 0.06453393381019507
2 0.3563201331170821 0.5389299596018166 0.08848787757752075 0.06021146757697049
