2 0.46192197658797207 0.20797794833877903 0.15385876304047058 0.07783240666001937
2 0.41938875587557106 0.27941107221323197 0.1888225194668004 0.10381079612600608
2 0.3943746046042793 0.34837858985101544 0.1787912303378379 0.10205273565634781
0 0.34375912763806565 0.4287751569612507 0.21207446621942114 0.07190644368344551
0 0.3158104292586681 0.4958443832484156 0.2087310375527381 0.07132048212890846
2 0.32494227129655123 0.5514203964697402 0.16838774931378583 0.09402609488657432
2 0.2904734635706752 0.6111189710791252 0.1696867701875814 0.08805040746070358
2 0.2699926959783113 0.6711930730185832 0.16886900707042643 0.08542574786854074
2 0.25304195456463185 0.7284258655852517 0.15846552604637426 0.07739910709876674
2 0.23193002136711421 0.7876973561895464 0.15549428927478062 0.08308172584434548
1 0.019302460011776285 0.7630037073842251 0.03860492002355257 0.05358703963299538
1 0.026662829630628066 0.7095614577686786 0.05332565926125613 0.04236220882884578
1 0.036307734356231275 0.6583103923779955 0.07261546871246255 0.04104987903276425
1 0.043017590409272395 0.6079321416659795 0.08603518081854479 0.04614636041775866
1 0.050671349045042426 0.5545599195878896 0.09845923333221317 0.042069140148553785
1 0.06427866179203867 0.49674116546668395 0.09883142522730275 0.04833772044866935
1 0.08813854458566085 0.4427952371403342 0.10388375945527198 0.04426050017946426
3 0.06502947226232604 0.37640283045146394 0.13005894452465208 0.0594722206272022
1 0.1564271511649714 0.31982437055711543 0.115887080179059 0.0624928864436452
0 0.11582488921595485 0.27188082410700526 0.17741052549011788 0.06210931133168948
0 0.17145085529426288 0.22350214586992204 0.24428511759725954 0.07382959725871246
