3 0.7777863101185758 0.00971276918753274 0.13361859243688645 0.01942553837506548
3 0.6243427859664908 0.024789262325501406 0.13263643167648187 0.04957852465100281
3 0.45950784625060015 0.04595232930796295 0.13071863075554724 0.0708784749243408
3 0.9394136204077095 0.031090053288377977 0.12117275918458115 0.061662886138843735
3 0.7831465164422335 0.06752626833924166 0.13120956379690163 0.0735901101940475
3 0.6323987043201175 0.0929678503041182 0.11867348755562301 0.06818490564447081
3 0.9413700360229335 0.11104630393494955 0.11725992795413309 0.056236360335001234
3 0.9421006947974925 0.18014950297383614 0.11579861040501505 0.06166288613884366
1 0.9769425014235992 0.3115644402701897 0.04611499715280165 0.06327902770676591
1 0.9847664431244005 0.3968007523456576 0.030467113751199038 0.06980104721239294
1 0.986384180944836 0.4801813183063953 0.027231638110327916 0.0795553498538637
2 0.8033250466568167 0.3806352146764689 0.08410448763505507 0.09429104965681595
2 0.8130556848434869 0.45252284670355775 0.08263109915560041 0.08615288858326675
2 0.6495228955841102 0.3288338088966951 0.08995152095299885 0.11381934856180947
2 0.6630060996056568 0.43755754495155263 0.09334271035338837 0.11978296058941101
2 0.4657829913091486 0.3657029065435391 0.09472305763309447 0.10187243088455428
2 0.48151384131436026 0.45457954076218576 0.09231402899310992 0.10133371702858063
0 0.6720500407433445 0.24009376301601135 0.1673449933966734 0.08167081803365744
0 0.5072959025129503 0.28052951614958344 0.17314550611474333 0.08817477154944803
0 0.5016935120474761 0.1662360451803664 0.16400032459615843 0.08873155139525854
1 0.8397194950494298 0.2394217560089273 0.13312765939553206 0.07141718878031478
2 0.2863083856390246 0.03811531829912737 0.1645380729150828 0.07623063659825474
2 0.3019139349105717 0.13928612941960425 0.15637534683459833 0.1104524653360361
2 0.3211330271420959 0.2539330644937515 0.17176515883503723 0.10608530125430454
2 0.34016859725055326 0.3672241819330454 0.16355591215467857 0.09904426151475532
