2 0.5973353655995339 0.2943919175278653 0.07009388483536949 0.07632128378224146
2 0.6056378592901868 0.34594953237957954 0.06807019727621244 0.07246046785013482
2 0.40453325754010194 0.43226988479586026 0.029789651936972972 0.02767626237476356
2 0.40974644195184895 0.47163699719207197 0.028957014184302465 0.028820495667494006
2 0.4166797729860352 0.5096875879824629 0.028957014184302465 0.028820495667494006
2 0.42066346184959047 0.54937581997542 0.028124614641593382 0.02996572997006941
2 0.42710614180952977 0.5884218127748864 0.02895701418430241 0.028820495667493895
2 0.4331766804669238 0.6249642799520891 0.03264550082887824 0.03039084299444994
2 0.4370364214276323 0.6638186707441882 0.020786087094146977 0.022343435200305684
2 0.44101996149418554 0.7035059017273002 0.024871669744205294 0.025582465938822296
2 0.4480720998940774 0.7380595669060421 0.02118318309962952 0.024012118611866362
2 0.45537757223080877 0.7786136833186966 0.02078608709414692 0.022343435200305795
2 0.3819204386166932 0.6496173632725144 0.03050671425456658 0.039975828419743675
2 0.39033130980176733 0.6890155178777209 0.035424696447334314 0.042069624855684995
2 0.3966498930618574 0.7272266684664843 0.02848326490537051 0.036116013497481836
2 0.4046940610755317 0.7684540662816239 0.027253769357178714 0.03559256438849656
2 0.4095351041847337 0.8053176530555721 0.028483264905370564 0.036116013497481614
1 0.37879425279578655 0.6071054870703936 0.02530697328143172 0.022768548224686325
1 0.3341657098894778 0.6204950357631582 0.03224864303335673 0.028723160592734165
0 0.3718817815041694 0.5863799655497206 0.05061418477282509 0.04553809745921755
0 0.3330340131674205 0.5999931594686918 0.03593712967793239 0.0302935079196901
0 0.3643337026958875 0.5484899345577023 0.055967470502819416 0.04481797618102268
0 0.32560988226198545 0.5629369696775315 0.03676952922064192 0.029148273617114806
2 0.3689564826696754 0.506553865387528 0.03133911379727594 0.03883059411716827
2 0.36547417234565577 0.47453476804004435 0.03300415109265564 0.036541126521862366
