2 0.3028952420125618 0.25048946072345724 0.09889992141232323 0.05476884508049931
1 0.3511530702591862 0.3344331627192849 0.09224663260769189 0.0586920014251785
3 0.3489829899400177 0.4185093352685005 0.12577466447820973 0.07039163470371679
1 0.41553514405129444 0.448978074880249 0.07804696438468295 0.05069072854088802
1 0.44170727356641004 0.5071784050582047 0.0745498596344315 0.04200708154603894
1 0.479167838254063 0.5617478260027833 0.0806509785211883 0.04352678996208825
1 0.5062259629426619 0.6144546531760005 0.07909872069545054 0.046488384779423186
1 0.5295648350460666 0.6602509422130455 0.08112381559055204 0.04810888986891637
1 0.5522683705611972 0.7121322266561068 0.07554903242021749 0.044488123544567326
1 0.5780205077670305 0.7579503738763846 0.07349810332366369 0.04620942530750349
1 0.5965622258046068 0.80566775771321 0.0694479135334608 0.0429684151285179
1 0.2418211895956892 0.5006522712639627 0.056300001621219536 0.030764798482762812
3 0.23090654103475117 0.44632329033494583 0.08572617529862966 0.045907035287173215
1 0.2001819778718275 0.37354168775932284 0.07197259482145524 0.04582944121727467
2 0.14657793705651376 0.3205944205705439 0.06613306378205941 0.07562514780315982
1 0.27320625809625215 0.5522193741113592 0.05574783170334496 0.03620766324349145
1 0.30825355768147633 0.6067669368727049 0.060823028480786356 0.03858790856857641
1 0.3374181327755247 0.6549738236607887 0.0516450583881603 0.03965003882449858
1 0.3613136127723552 0.7058836316123434 0.0566676716406202 0.04871366990957671
1 0.38953603658115 0.7556537152380771 0.0657921430861878 0.054334697468782056
1 0.41431837714022596 0.8010697922400282 0.05971777352296026 0.04947341014516882
1 0.4357159251725911 0.8460623967301499 0.057746177274917154 0.041169747240548116
2 0.591796578169949 0.4906576985113615 0.10634113378073773 0.08006004582945458
2 0.6222956514970288 0.5477183043634964 0.10484237460205847 0.07633848283166222
2 0.6454417519045199 0.5968529512766212 0.10021418069252863 0.0818821442658344
2 0.6711134296379803 0.6538700687071552 0.10271211265699409 0.08808474926215515
2 0.6907104765731129 0.7078846400956424 0.0946652317236466 0.07491957108905611
0 0.5641298968658177 0.44600136174500254 0.12367115185667432 0.07879632222664579
0 0.5371245862880882 0.38013029730555203 0.12169864048655438 0.07049243137715988
0 0.5090672888137031 0.32505658874776167 0.09895342005938174 0.048085687265371435
2 0.5137076557358328 0.2449323526040022 0.08769777154667263 0.054210698191793805
1 0.5834893508648815 0.09702102545370486 0.06936858068495011 0.052993379796074574
1 0.5999228877194835 0.14923880556539426 0.06379379751461578 0.04937261347172538
1 0.622319608537635 0.1965982914400892 0.06481971962393085 0.0485120765626898
1 0.639168930311856 0.24410393902100014 0.0653193060168239 0.04975259756195394
1 0.4423917359446554 0.13484389240657108 0.06282137405235849 0.04354999256563316
1 0.3641203385487095 0.16203587396837038 0.050672634925903515 0.033827417918406544
1 0.46503824995925336 0.18279509862740922 0.05524824531045175 0.03496714224422731
1 0.3879311516835034 0.2070503366417251 0.05067263492590357 0.03382741791840649
