3 0.4312619783650167 0.4278906422031483 0.043613981423515025 0.029889600591521237
3 0.4272706538993583 0.4513605725550158 0.04196283724908578 0.027703499625243322
3 0.42276323706083774 0.4774124704453332 0.04065582346888125 0.02723905461360393
3 0.3779449024760114 0.4845317597629356 0.04361398142351486 0.029889600591521126
3 0.37378161603171534 0.5088620016986146 0.04492099520371945 0.030354045603160573
3 0.3694461611718326 0.5340535880051206 0.04395811181773962 0.03161125654615948
3 0.4181184057050772 0.5006501782913811 0.03315787118187846 0.02617404049840566
3 0.4149180026467612 0.5271665211933378 0.03446488496208311 0.026638485510045107
3 0.41058254778687836 0.5523581074998438 0.03542776834806316 0.025381274567046308
3 0.46589469180758813 0.4927391558294347 0.038041795908472176 0.026310164590325036
0 0.44986422608335974 0.5239149631186324 0.0406558234688813 0.027239054613603986
2 0.45842694704688475 0.5546113111253441 0.021877273836802047 0.03655695060107034
2 0.45271538348400187 0.5866874556763724 0.022840157222782043 0.03529973965807154
2 0.4477947413284614 0.6218100127774902 0.025523486142935814 0.04264977570124884
2 0.44139491697712935 0.6573294692377949 0.02387234196850674 0.040463674734971145
2 0.4088601387221046 0.5959918131732372 0.022496233265506593 0.033579116490448646
2 0.4053156052695641 0.6242298120298322 0.023114986257262105 0.03060024959281149
2 0.39963858916807893 0.6526314549527797 0.02153314344257745 0.03483529464643209
1 0.3599855182469738 0.5638760859374191 0.02889269944704026 0.023059049508849183
1 0.35000878294925264 0.5962805514081674 0.03315787118187857 0.02617404049840566
1 0.345673534526319 0.6214711049276578 0.034809015356307704 0.028360141464683353
1 0.3398591039075939 0.6470585578063358 0.03088797401569393 0.02696680642976501
