1 0.9065025789097365 0.41190405132160396 0.15524418810189233 0.07490762994530742
1 0.8781194116836681 0.5542858595494548 0.16540172440175638 0.07237229235576148
1 0.867571792287027 0.6813194770212594 0.17552835660626964 0.05956708651455256
1 0.8494118163420379 0.8044797220089173 0.17044572776176248 0.05955179186396942
1 0.8350947114910927 0.9173831099050531 0.15265652680598674 0.05949826058692831
0 0.47951540909747503 0.42602102270570624 0.27216010357323467 0.08039434103455134
0 0.4854361258772556 0.5697890332703496 0.24922647485162508 0.05978885894800867
2 0.5195430310353969 0.6366340944199667 0.20100329975013276 0.08018021592638724
2 0.42876634586699736 0.8224662422145204 0.10202335187935896 0.12351966927636215
2 0.4245488390891645 0.9457990514408536 0.10967046858294588 0.10840189711829284
2 0.1862986922154593 0.7460102759290939 0.10962412170929367 0.1158417502356931
2 0.19095261247868817 0.8884914993857352 0.10456466630161251 0.12352731660165328
2 0.19314632534855372 0.9762694518137939 0.08925498548145067 0.04746109637241225
1 0.01933150822618644 0.4488312201906284 0.03866301645237288 0.09290740834247668
1 0.03180248179860521 0.6003436922331225 0.06360496359721042 0.08266966956418387
1 0.02904102088517769 0.7402612722894938 0.05808204177035538 0.06976658866638785
1 0.03900544250792533 0.8750875186813409 0.07801088501585066 0.07233405572930351
1 0.04389495899265979 0.9836609811990795 0.08778991798531958 0.03267803760184085
