2 0.6980609290124635 0.20231348850643777 0.1946518659257359 0.0835457652551155
0 0.4425264023823361 0.308176295741142 0.187639604560993 0.07461007436857336
2 0.6810665148918325 0.34456901069752244 0.2171220384276723 0.07531037996703976
2 0.8767368492028214 0.41835167127063677 0.15367246824980463 0.07599552381596619
2 0.6014941741008188 0.49411712699713584 0.09754641881353021 0.09877744162295882
1 0.6527073021957588 0.5831238830633236 0.14877093894338123 0.06053312500273855
1 0.6497113591257441 0.7092512389255113 0.12583183622179028 0.0490268371993412
1 0.620815907138444 0.8270817465315902 0.13294830430201188 0.062349566550655044
2 0.7691306686666683 0.7450091965440109 0.06357928250234168 0.10016289107035148
2 0.7822713411540457 0.8605460662515299 0.04929424298415874 0.07132391313533804
2 0.7812165211947601 0.9527007988969725 0.046921633367555726 0.06688299257730301
1 0.5681865031890903 0.9410563587623864 0.10557660249365164 0.05512255302550351
2 0.38241635291845893 0.5459769804152134 0.0935320073582625 0.12060490208308217
0 0.43921783916588486 0.4474647669976449 0.21026608713614742 0.07295524677765514
1 0.3553070747382563 0.6364154548244964 0.12830729178428507 0.057854763899356954
1 0.3562601408913981 0.7395916657251318 0.11707220553331682 0.061972456543395005
1 0.3551011142166338 0.836133436835346 0.12366764003614478 0.05335999357084997
1 0.3368556734403836 0.9355614842244342 0.12371974339388431 0.05555351280323584
