1 0.2959228431850266 0.43068006534747905 0.05430778932487096 0.04710307537696751
1 0.3792209158497949 0.4041928410762287 0.05248073616296062 0.043461400949925344
1 0.4600766042509436 0.37165402246279455 0.047615461632315004 0.03576972879509982
1 0.39072109372823305 0.4510264466996703 0.0539807220863186 0.039435774701586934
1 0.4655190949173366 0.42053893688948046 0.04915388169548429 0.04384632200117544
1 0.4744422266721853 0.4673847282526443 0.04792303487427357 0.0373844658983426
1 0.39509608657489936 0.49769244789190864 0.04792303487427341 0.037384465898342545
1 0.3152981489951806 0.5290136361930726 0.046403924189905965 0.03535946703445114
1 0.3230097433076202 0.5762696893168855 0.04944233017643329 0.03941043399218824
1 0.40280786550513126 0.5449494702456753 0.046115475708956966 0.03979535504343823
1 0.48108650778269035 0.5124228373719636 0.04882699907472404 0.03617999055574889
1 0.490307835016785 0.5574487607515604 0.04761546163231517 0.035769728795099875
1 0.41839445319322954 0.5895388219252706 0.05521156890752926 0.045897630804419665
1 0.3343561345650792 0.6222959263887056 0.05186540506125131 0.04023095751348604
1 0.34873118481076826 0.6672955398289496 0.047615461632315115 0.035769728795099764
1 0.4268560404673482 0.6339615384036166 0.05186540506125137 0.04023095751348593
1 0.5039233299202905 0.6018461365205076 0.04611547570895708 0.03979535504343823
1 0.5102600377888372 0.6452695085365843 0.045788408470404496 0.03212805436805766
1 0.43652934980166813 0.6779749623512675 0.05094231609979144 0.03538480774384989
1 0.3590005158679958 0.7076672893495585 0.050346109759091484 0.038204989419640345
1 0.36701030565968157 0.7531034744898042 0.047327013151366004 0.040205616804087074
1 0.44528894793724055 0.7205768416160925 0.04823079273402431 0.0390001722315394
1 0.5226735576304384 0.6935127203829439 0.0485385505937751 0.04061587856473592
1 0.3771256654781375 0.7926668862288377 0.043673091445337264 0.03292323717995671
1 0.45617379471396957 0.7641800038030945 0.04792303487427357 0.037384465898342656
1 0.5299140450816433 0.7349101243051749 0.04640392418990602 0.03535946703445103
1 0.5379140878750319 0.776909765898703 0.04578840847040444 0.03212805436805766
1 0.4631065243054238 0.8039617013921289 0.04578840847040455 0.03212805436805777
1 0.3895200605587292 0.8340389494416698 0.05003853651713308 0.036590252316397565
2 0.6336351582675841 0.693768963687791 0.039538635053626536 0.06476963605476604
2 0.6404525353778701 0.7464865592222133 0.0364809196882977 0.054667074754845
2 0.6796346932094088 0.5561014477234321 0.03830778823241576 0.05830777995193337
2 0.689634885164489 0.6086017266378074 0.03800003037266508 0.056692073618736516
2 0.696462009273072 0.6647558657189474 0.03738469927095578 0.053461630182297326
2 0.7066159878491313 0.7180635131849441 0.0349616243861377 0.052641106660999526
1 0.7436637883889157 0.6315758470099148 0.04944233017643329 0.03941043399218813
1 0.750798485739457 0.6893447231942973 0.04882699907472399 0.03617999055574872
0 0.6545289019818195 0.5224736765441307 0.07428841012632292 0.050846112641604824
1 0.41963418961465876 0.3286029190130194 0.05915393909450717 0.04874412241956294
