1 0.6208621717522498 0.6199793004908842 0.028385048574087857 0.03250133440724168
1 0.6255223324939972 0.6455537694776744 0.027230447389788415 0.02357898109367995
1 0.6420383451318782 0.7575272969265041 0.02591881020749831 0.023277233528346875
1 0.6471603186358088 0.7866704930936739 0.028772921674327212 0.02566455688658964
1 0.6482318234840609 0.8158259471178282 0.025687834547564736 0.02149233457554367
0 0.6829709320820504 0.6093658921006053 0.04273911791733154 0.02541505292487478
0 0.6868968255125003 0.6397038206721231 0.04273911791733154 0.02541505292487478
2 0.7422027585386051 0.6756779373317561 0.022519651084755066 0.0363462227137582
2 0.7470522774934207 0.7131533202640324 0.022519651084755288 0.03634622271375809
1 0.7608654651044041 0.569393912299887 0.028772921674327323 0.02566455688658953
1 0.7667957841392599 0.6047837194392538 0.0318581473587739 0.029837849922861648
1 0.7731508075476426 0.6382366831179246 0.030546510176484354 0.029536102357528682
1 0.7785407265424786 0.6746692781537462 0.026380622969681355 0.026845960708726246
1 0.7836996698773807 0.709316974236765 0.03008455885661676 0.025966304451922717
1 0.7871221330987817 0.7462021906205862 0.030315534516550446 0.02775120340472559
