2 0.45089847233469305 0.16955482118742005 0.07010980269550132 0.062119871127831405
2 0.43466883487475794 0.25231009651122155 0.07131632668407428 0.05671493462425359
2 0.4211266995991044 0.33187540060352755 0.06533297022620604 0.055992697793070034
2 0.40870021623507824 0.409342019684332 0.06785820351947341 0.05691434587846478
2 0.3955641957455587 0.4806822218652309 0.06879109339080708 0.05579328653885868
2 0.38557207359785384 0.5498389199673288 0.062148283382338965 0.05190728294306812
2 0.3783057465381008 0.6124691510135736 0.0634109000289726 0.05236810698576544
2 0.3683900124012299 0.6749537891057691 0.0643439876968121 0.05124799658640067
2 0.35913353401845327 0.7343332750337684 0.057701177688343874 0.04736199299060995
2 0.3467712524010257 0.7925607008550245 0.06308137105017847 0.05078717254370346
2 0.5298179653767102 0.980429123270075 0.05611546564296788 0.03914175345985005
2 0.5455652978361836 0.9324647097592027 0.055456012092367835 0.0757672497561086
2 0.5645453007090466 0.8683163022400269 0.05831097216093495 0.07827078122380693
2 0.5788855473852624 0.80077248828737 0.06566913058155799 0.09118536319023862
2 0.5997166481381749 0.7247491152214076 0.06945698052145888 0.09256783531833113
2 0.6197618237547601 0.649271385265442 0.06473604291371848 0.09230547358960361
2 0.6392239338315793 0.5702276791025832 0.0677029905019012 0.10653957720961116
2 0.6625657838116472 0.47922232504801165 0.07560841715700295 0.11088640484809908
2 0.6830932644286944 0.3888483648095499 0.07791610899109147 0.12195769064374118
2 0.7062198707514599 0.28938842846103574 0.08016770816711905 0.12716321589310764
2 0.5774853045007902 0.2960742239961386 0.06050647867890235 0.07761054592689848
2 0.5619149227949491 0.37572434715574415 0.06061866399502358 0.08934206701944902
2 0.5816458283258925 0.23229193284315042 0.0824623350445981 0.07101198871877759
0 0.5147539223707388 0.4495185304663086 0.11172005937635032 0.07146130399057171
0 0.4947590281255526 0.5342278294863756 0.1181451301291338 0.08549599635636806
1 0.4863145815185381 0.5771580432303742 0.106339866014516 0.06803612443747842
2 0.46109706333344447 0.6549050279712536 0.09069729067849414 0.0769397507993278
2 0.4462242302853676 0.7281135031423054 0.08306549814063174 0.06830904599686793
2 0.43010907594343023 0.8008611542706597 0.08114362573990375 0.06468540412980484
2 0.4162633205319114 0.8660758711904664 0.08114362573990391 0.06468540412980472
2 0.4022145077273257 0.9354031390659765 0.07900401408349134 0.07121045103274737
1 0.6949418278218984 0.8253973297901909 0.0736240185181628 0.06778622041989546
1 0.6791823090981899 0.8806892415818501 0.07834475832939747 0.06804763320838181
1 0.6588716084529034 0.9384808201797714 0.08976440080716042 0.07806081013893396
1 0.64625598807101 0.9753236481312628 0.08822815004328732 0.04935270373747447
1 0.794409225925885 0.3916146617506866 0.08487538302174424 0.060202115711621984
1 0.7773309978974823 0.4531178095095507 0.0794953874564156 0.056777885098770076
1 0.7613684217807068 0.5125222722569134 0.07702604902470289 0.061721048619409136
1 0.7426297692045806 0.5692216329960278 0.08207651561123752 0.06356434479019879
1 0.7271616843525023 0.6262969987105402 0.07729968314194235 0.05743717145543725
1 0.7159150546467022 0.6824257395202946 0.08295351062101664 0.05657847384455883
