1 0.040700197729319466 0.3176685243787098 0.08140039545863893 0.06300062239735027
1 0.03563786296342174 0.40487652382878553 0.07127572592684348 0.06577778739764784
1 0.03054612590344865 0.48683623065329457 0.0610922518068973 0.06160796555601322
1 0.033049254050260525 0.5717782387053116 0.06609850810052105 0.05929335253704149
1 0.03188757856720072 0.6535328093026107 0.06377515713440143 0.06300062239735016
1 0.027025713191266353 0.7311199654336769 0.05405142638253271 0.06809240041661957
1 0.025722611113257365 0.8074194402124126 0.05144522222651473 0.060221790431266076
1 0.023288242394994132 0.8894817151505272 0.046576484789988264 0.06207218450312568
1 0.022103030129722107 0.9616650595198327 0.044206060259444215 0.05674663004451386
1 0.26133639678116305 0.4107095004390492 0.10307779194937966 0.05628241109740112
1 0.25323236125105764 0.5119125608673639 0.09312027700619435 0.058132805169260504
1 0.24512837525349312 0.613113954329892 0.09379223542984791 0.0664676341017264
1 0.23587552737281803 0.710096649269385 0.0954416325381563 0.05558608267673282
2 0.2927134741764336 0.34104298781954856 0.12291137251319473 0.0829116642096917
3 0.3438826280732623 0.24853149872062388 0.13639184700312706 0.06207866621971542
0 0.4547926494244007 0.3753906658537559 0.18640358704918425 0.05560719479228882
2 0.4627864915748756 0.4494258162002197 0.16011473088465716 0.10560968667049364
2 0.44959173263649566 0.5504220734355378 0.16587746224912658 0.11440873455007183
2 0.4393551148313196 0.6376300728856132 0.16011473088465716 0.10560968667049397
2 0.43162262289003395 0.7263292229494431 0.14948525751781888 0.09912525180988752
1 0.739476866952284 0.5718382498191331 0.06310515056074806 0.030575114162745498
1 0.7402886144933902 0.6302846204599988 0.0640011399228475 0.041688775061295424
1 0.7332578005256043 0.6953695331923662 0.0646730983465007 0.050023603993761045
1 0.7212187843625784 0.7574704777314395 0.06998776783407801 0.05326498794117107
1 0.7071709677440337 0.801410613791827 0.06864385098677084 0.036595330076239385
1 0.84141615712069 0.571773559897104 0.05314763561756275 0.03242550823460477
1 0.833360312621886 0.6284723596402029 0.05591691863473214 0.03543478270845857
1 0.8784686606909431 0.6970485012016238 0.07088375719617779 0.06437864883972089
1 0.9445868303852415 0.5731504034978125 0.05614094957317817 0.03821361467454276
1 0.9352996027902918 0.628407669718174 0.05105017663236244 0.03774939572743019
1 0.8668423991907135 0.7452586198418493 0.05913426352879314 0.04400172111448053
1 0.89610746270816 0.7895521643675882 0.05292360467911694 0.02964667626852069
1 0.8055398409110139 0.7928572427669243 0.05569302208797122 0.032657617708161335
1 0.8678262929272376 0.4977344965841602 0.05569302208797078 0.03265761770816111
1 0.6366295709921928 0.3451662717236217 0.05801437761993289 0.030110895215633204
1 0.6246249345434409 0.44899264498182617 0.055244960211078165 0.027099953775992613
