1 0.07272666666666673 0.03636363636363636 0.11515090909090905 0.07272727272727272
1 0.07424303030303024 0.12121212121212122 0.10000000000000017 0.11515151515151517
1 0.054545606060606024 0.2348484848484852 0.10909121212121205 0.1121212121212121
1 0.054545606060606114 0.34393939393939393 0.10909121212121223 0.12424242424242427
1 0.04545424242424241 0.4636363636363636 0.09090848484848482 0.11515151515151517
1 0.04242378787878791 0.5742424242424242 0.08484757575757582 0.11212121212121207
1 0.04242378787878791 0.6787878787878789 0.08484757575757582 0.10909090909090946
1 0.31212121212121213 0.2515151515151517 0.09696909090909106 0.10909090909090946
1 0.1954539393939394 0.22272727272727272 0.13636363636363638 0.0636363636363636
1 0.3106066666666667 0.353030303030303 0.11212181818181804 0.11818181818181817
1 0.1878793939393939 0.32575757575757575 0.1454545454545453 0.051515151515151514
1 0.29393939393939406 0.4575757575757575 0.10303090909090909 0.10303030303030297
1 0.17575757575757583 0.42272727272727273 0.12727272727272748 0.05151515151515146
1 0.2924248484848485 0.5484848484848481 0.09394000000000019 0.09090909090909083
1 0.17727212121212127 0.5212121212121212 0.14242363636363636 0.06060606060606061
1 0.29090848484848475 0.6363636363636364 0.0969690909090909 0.09696969696969693
1 0.16969757575757577 0.6196969696969696 0.13333272727272744 0.0636363636363636
1 0.2560612121212121 0.08333333333333343 0.1787872727272727 0.06969696969696987
2 0.4454539393939395 0.11969696969696969 0.05454545454545451 0.08181818181818183
2 0.44393939393939397 0.23484848484848503 0.051514545454545535 0.06969696969697003
2 0.42727212121212144 0.34090909090909105 0.05454545454545462 0.08181818181818218
2 0.4469703030303031 0.4348484848484849 0.05757636363636376 0.0757575757575758
2 0.43636303030303036 0.5393939393939394 0.05454545454545434 0.07272727272727275
2 0.42727212121212144 0.6257575757575757 0.05454545454545462 0.0636363636363636
2 0.42424303030303023 0.024242424242424242 0.08484909090909093 0.048484848484848485
