3 0.8480552307464222 0.1452872926207847 0.13871599806175283 0.05522578242260048
3 0.8399144269026089 0.1974095055232163 0.14518200962591088 0.04732426892526348
3 0.8250897565825654 0.24846960941196006 0.13436283283046102 0.045624894503363156
3 0.6895629423620375 0.2222891027963077 0.13353877093589284 0.04103756051539717
3 0.5552527373644188 0.24971776170224966 0.13436283283046113 0.04562489450336299
3 0.9384945185311018 0.3129402375462569 0.1146052115438555 0.038063655277071395
3 0.9309718229190376 0.36167699985131174 0.12936539900166688 0.04706956245531091
3 0.9160465957672466 0.4057537807425651 0.13124613130596074 0.04290707207282002
3 0.7920331898039314 0.39185384394641776 0.11542927343842446 0.042650989265037464
3 0.8035662053017334 0.3437543470495754 0.12125101640507963 0.04579503163888571
3 0.8209590253811974 0.30123044190284315 0.11813406763728684 0.04307583287051242
1 0.9130418441989818 0.47494974530925865 0.09690786861531764 0.04197143918960988
1 0.9119919741577122 0.5409726810813134 0.10190530244411189 0.04052677123766191
1 0.8966545924369909 0.5873068804308972 0.10461009664297438 0.04095161484313714
1 0.8871767680546387 0.6392180257108302 0.11542927343842402 0.04265098926503741
2 0.6502395036754282 0.34725913172471984 0.06104846021451116 0.0764640764071931
2 0.6369527203141254 0.41249830341118254 0.06833878091653 0.07315127323565251
2 0.7497396212742049 0.4803530279626168 0.057339810824014514 0.05581900895460046
2 0.7380004048702915 0.5295819111787441 0.0635734611163079 0.061256030153516994
2 0.7289347350568698 0.5792356380003463 0.061925337327171426 0.052081362177584634
2 0.7180198277908167 0.623949684299812 0.05486737789701723 0.04205563065287243
2 0.6207861894562189 0.4784420178114548 0.08309896837434128 0.08215718041389203
2 0.6057504782307395 0.5457261861535105 0.09309383603192989 0.07926784450999602
2 0.6002832209774183 0.5982732426614175 0.07544930832148389 0.054205580204960246
2 0.4880581731411371 0.3841935787681546 0.08291917507727575 0.06652429055474074
2 0.4804300806980017 0.4410416962097461 0.0883287634750004 0.06737397776569076
2 0.4720830759480767 0.49429329543146244 0.08521181470720729 0.06465477899731764
2 0.4650728444933979 0.5477573164559164 0.07939031898384452 0.06151211296129966
2 0.4608418037035753 0.5935334717690699 0.07045162724939658 0.05564887181907807
0 0.7029059808312913 0.29988941985429673 0.12936539900166655 0.047069562455311076
0 0.5491526046380826 0.35093565738985333 0.13789193616718454 0.05063844843463444
