1 0.6606858555814783 0.4999769512948875 0.05257092814686892 0.03839104421812661
1 0.66105658142841 0.5556467819877456 0.04795336222481006 0.03757980818574147
1 0.6505779211824183 0.602260493522628 0.04349005371303816 0.038329523552143696
1 0.6540661970290333 0.6560940457463108 0.04910775370532494 0.0377826171938378
1 0.6521281399149357 0.7113582584229763 0.04972496852943953 0.04402829668022201
1 0.6525390700286904 0.7606791312341669 0.04826196963686746 0.04070264792893363
1 0.6499095788479052 0.8110558068151392 0.05087936000995419 0.04423110568831834
1 0.6489346387742315 0.8625162346620319 0.049570711119152344 0.0424673452814347
1 0.5690239615340889 0.6490974929316895 0.05079922925075664 0.03194161877802848
1 0.5642401299855271 0.6975057252064469 0.04649027074075518 0.034253222488835555
1 0.5648053175095691 0.7452656466188501 0.052262228143328815 0.03526726752931697
1 0.5572526550487216 0.7860392966835407 0.052416578145099035 0.03682915587372171
1 0.5572406468325062 0.8336978135918959 0.04610753667760814 0.04185891825714605
1 0.5524546453386643 0.5850217278344448 0.07550440775539402 0.040885336035647146
1 0.5553185246889341 0.5203889959282028 0.0801219736774531 0.041696572068032234
1 0.5574509508886593 0.4572158109166998 0.07896758219693845 0.04149376305993596
1 0.6391872714064009 0.4501283560811562 0.07989950113270095 0.07388124165692239
2 0.5796649855628551 0.4166349094094143 0.04534188336834821 0.0570684359025318
2 0.5642930819858565 0.3345002401027446 0.0853568470151097 0.04875442453241924
2 0.5724689633789264 0.26365165209749214 0.08351102146790756 0.05303353460382368
0 0.6417395412905593 0.40053309314519503 0.07927618960899596 0.044616602803128236
0 0.6516841195256878 0.33555532694312584 0.08158497257002528 0.04502222081932067
2 0.49026585128452993 0.5963374115070188 0.022254053758053283 0.05301225574060642
2 0.4855590558496291 0.6439661050280001 0.02117388152011107 0.04208184816662497
2 0.48446987744952535 0.6906404002832477 0.021019531518340795 0.04051995982222012
2 0.4742226033189645 0.734912684719949 0.021019531518340906 0.04051995982222023
2 0.4734420323309182 0.7784641402320045 0.02317396447760034 0.039363689494007814
2 0.4693525443116148 0.8198462173209841 0.0207109241062835 0.03739712007902796
2 0.4982072519166325 0.5397458167726537 0.03856988448702975 0.05741347019835896
1 0.4810506488461488 0.36277037583652294 0.07496732369047687 0.046929143459552736
3 0.6727336715845671 0.18197334509290608 0.09712923847311705 0.041615867446284205
