2 0.45006454842890947 0.244585829473906 0.1728557195199557 0.08403176009905222
0 0.5050588665160601 0.3677122570806458 0.29693006896487306 0.10074010051629839
0 0.49939870695075816 0.4559985326799916 0.27414311631827437 0.08563293079399786
2 0.452915045026796 0.5148499013812848 0.216163277467458 0.11155501495753395
2 0.44149542568908196 0.5991234814077511 0.20665778147472524 0.11136654963225412
2 0.44357829832614826 0.6770702119257785 0.1989794349149956 0.09370932283208999
2 0.43816864417394313 0.7412076647997534 0.19935780193012398 0.08903528788233872
2 0.4367250795470349 0.8097356700656261 0.1813535217207045 0.08643922052879316
2 0.4270356544970431 0.8707102320688733 0.18236121551268825 0.0842202254243325
1 0.7166357461578248 0.919469059599512 0.11167128861643494 0.04210932814223245
1 0.7201574199794636 0.8626967262614071 0.11985442742875618 0.04328926864932858
1 0.7310755741423536 0.8101731332370112 0.11525901112660364 0.043808795948011015
1 0.7445423962180472 0.7510161322092194 0.12898155640636055 0.04815176892435957
1 0.7562472088520067 0.6954237393782107 0.12734551785345904 0.04791586578205509
1 0.7697449373844512 0.6229058312795124 0.13030391358677218 0.04716029374254349
1 0.7869264348750837 0.5591928884716464 0.13257026093246693 0.0498513783286626
3 0.8667725064924932 0.48605872510329995 0.2074164062181808 0.07128290225107636
1 0.8218511982614294 0.3898425769636531 0.15925959947766222 0.06788553577938666
0 0.8857133222349928 0.339299580593088 0.22857335553001445 0.08530343796046236
0 0.8510879865534674 0.23720481191962348 0.2978240268930652 0.1255722707886609
