2 0.3427873972616824 0.25695859954396266 0.16605710994445688 0.09052761450288993
2 0.3342883144227334 0.33619708782104074 0.20477087365160648 0.11952248058656145
2 0.34150547041604473 0.40873131295875875 0.19433546272636326 0.11698933415107371
0 0.3293021649146668 0.49859151811328695 0.22471566788701344 0.08884390771376
0 0.33283940073990226 0.5700252231667079 0.22123754542563007 0.08799961000681189
2 0.36679803861401183 0.6212325278439794 0.18278116169840236 0.10806043126138076
2 0.36073031329403416 0.6871878383013363 0.18340081105583012 0.10208669700332706
2 0.3682734248006446 0.7500453150005939 0.1822574218142478 0.09935948421732688
2 0.37792089477183477 0.8092964412523767 0.1707031207862869 0.09043058132763326
2 0.38449383769502643 0.8715378665988631 0.16834388842762144 0.0959820400748913
1 0.13927619840750421 0.9080115238803905 0.10875825932889288 0.0619206278056007
1 0.1293648518263184 0.852916968651338 0.10709217374424877 0.05049272129018989
1 0.12487196487335363 0.7987914298191234 0.1065204791234575 0.04912911489718941
1 0.11797202289577077 0.7462268318448837 0.10068208076231572 0.053836022622855695
1 0.10468240916545513 0.69207724505482 0.10535259074301066 0.05007044577939401
1 0.0915568167328813 0.6330892051117405 0.10647148084572838 0.05646620223359955
1 0.09003755797456925 0.5752915639883223 0.11114199082642334 0.0527006253901382
3 0.05425425661882353 0.5211293510061954 0.10850851323764706 0.07250963186811676
1 0.09992997488764817 0.4401034307785665 0.12553130936056786 0.07211635722768134
0 0.06664957478823062 0.4040210659495108 0.13329914957646125 0.07630935152134827
0 0.09980503091611467 0.3437238286251608 0.19961006183222935 0.09319682554816999
