2 0.21209861174895006 0.06165969700688766 0.197602400712948 0.12331939401377531
1 0.1078126503069295 0.11634909532414889 0.215625300613859 0.16057499061728675
1 0.06301759567475804 0.28334447084908676 0.12603519134951607 0.13272671804121022
1 0.0533639346347468 0.4541181898170349 0.1067278692694936 0.15523328521470353
1 0.045914315534956604 0.6332653790909117 0.09182863106991321 0.131249402758585
1 0.01880474218864688 0.7456863779765841 0.03760948437729376 0.10559796004995525
2 0.49009203239123145 0.22057593371899906 0.20278557454503665 0.21832104088731047
0 0.46764465900720675 0.08192542613818873 0.35396476834528484 0.16385085227637747
1 0.475471902538691 0.3544396062125518 0.22285251994808059 0.1465181731941182
1 0.4139356757297609 0.4891215170515969 0.20806140735414347 0.1467459768141916
1 0.3592419074402412 0.6163033061644974 0.2135584686181553 0.13780378863632536
1 0.3269053604560399 0.7569340538219502 0.2147649040483232 0.14094866417146112
1 0.27100515673635234 0.887020110335285 0.22991344875367778 0.1571654802746829
1 0.24409950269254277 0.9670335416124308 0.22544513914442385 0.06593291677513835
