2 0.6509587576960163 0.2534391031495023 0.1563375391354308 0.06755064410403086
0 0.44453016053916283 0.2845392675443689 0.14984383866793594 0.06184001211965684
2 0.617590678758883 0.3309872038531394 0.17178489915341222 0.06546082668922981
2 0.7531685185387598 0.3936104448956501 0.1248840071733559 0.05888077902134953
3 0.4777308360262839 0.09899249051422329 0.17097017225421085 0.05720810622249416
2 0.5363764917172222 0.40575057570714 0.08662113749184658 0.06532374673920055
1 0.5617385057955482 0.46104648826609396 0.11900479012886411 0.04979229313125777
1 0.5411790499161927 0.5311250974258493 0.10033942832107057 0.04091328476453193
1 0.502460704721254 0.593734869577625 0.10754824029741261 0.04906143358924531
2 0.6252701443144877 0.5641686547204593 0.061661305997266824 0.06236451364089324
2 0.618313585488615 0.6301032568612093 0.04688612629015887 0.04484945757129699
2 0.6041398191459619 0.6814303211857304 0.044482851399547996 0.042133352256505496
2 0.5843384059734273 0.7248009838634366 0.040749981577087646 0.04035758400709255
2 0.575327732470929 0.770591265916353 0.03906181819532395 0.04007899553264027
2 0.5562414308072416 0.8115244117537193 0.04279570071327454 0.041854930901714105
2 0.540937300313447 0.848609535152679 0.04233751687300702 0.03482080173548774
1 0.4465575347791382 0.651592077155873 0.0862216632349393 0.0420627651139549
1 0.4319470501952041 0.6983748985353484 0.0786552955041736 0.03269585786907181
1 0.4057012379026067 0.7425987227425571 0.08780919853085878 0.03652598284235009
1 0.3958973030998938 0.7850636873902579 0.08310327683548141 0.03690914295882408
1 0.3837404074494924 0.8265014736760263 0.08381838834432853 0.0393466597991633
2 0.3650487637085881 0.4106991489132985 0.08682138096804509 0.07695432111165373
0 0.42182537013326593 0.36193042722514224 0.16636386594918795 0.06340646996536464
1 0.33164445348257066 0.45821381861000987 0.10345680202503849 0.04606673980000198
1 0.31737107174956325 0.5159132635098316 0.09573312201604778 0.04711164850740257
1 0.30248219389806297 0.5696778446746921 0.09936637644815416 0.04307221313041931
1 0.2743993014859156 0.6231817348302295 0.09972393220257775 0.04429097155058903
1 0.2591528678799916 0.6781650744152599 0.10621763267007264 0.05000160353496286
1 0.23267796366726023 0.7261843845603729 0.10355743011088278 0.05188211054605918
1 0.21428530791343314 0.7768152283782552 0.10550252116122558 0.04756408669462364
1 0.19389724706634115 0.8252001354140353 0.09527595087126986 0.04007768646083665
