2 0.6643659051521664 0.2711820629317998 0.06029537866374801 0.056410982990764386
2 0.6660965597026116 0.32240499960081237 0.058743558034409005 0.052605345000320936
2 0.42956717449676873 0.40959803329136624 0.02750222818195408 0.026965751123614268
2 0.4320546062649912 0.4441887101530104 0.027764034165580043 0.030606472568015686
0 0.4223523307574343 0.48125600148173764 0.046459699617384664 0.023977870984809246
0 0.4251015685092828 0.5194873997877834 0.049301534892436605 0.02794842552129473
0 0.38487647417326376 0.4851286740372721 0.030586775618564765 0.016537244102870108
0 0.3867843304771237 0.5207117164516213 0.03200765398126576 0.018521975208280028
1 0.43112218091184046 0.5398467979146928 0.022080285065825933 0.02266427116937897
1 0.38835532347818 0.5425582297693616 0.021949421348837983 0.020844456610010997
2 0.43587187249075243 0.5787407286813593 0.034345049660782945 0.03325196218325943
2 0.4366206564155374 0.6163095945267844 0.033185898732057906 0.0349068601965854
2 0.44143577985294324 0.6561134325731348 0.037317827202473064 0.03904342360477864
2 0.44469916121066033 0.6924425580467917 0.036027812556760075 0.03887850705873641
2 0.44635475844192785 0.7335696870635967 0.03357864698232205 0.04036848852602026
2 0.3925909500008734 0.5833555256940828 0.02750222818195408 0.026965751123614434
2 0.3961160587925664 0.6233242802864754 0.023632184244815002 0.0264710014854882
2 0.3994448720087773 0.6605633130398161 0.022211227332464112 0.024485178054412526
