2 0.26087607997814344 0.34401417218364794 0.07314143193197153 0.0684607677161167
2 0.25084834197196715 0.3911174754252008 0.07108103458500345 0.06495948899384402
2 0.46407133917660576 0.4775032296045193 0.031232118387744423 0.024716396478642932
2 0.4576194431439312 0.5135086337399422 0.030299828141324092 0.02578992577641681
2 0.44935659462259264 0.5482436509240483 0.030299828141324037 0.02578992577641659
2 0.44421287412224075 0.5845872610418532 0.029367763516324197 0.02686437003579456
2 0.4364528025572433 0.620254459194894 0.030299828141324092 0.0257899257764167
2 0.42914648199387695 0.6536333383763073 0.034224354738292495 0.027142315979934106
2 0.4241538908755158 0.6892147854779727 0.02169877875416243 0.02003557834321923
2 0.41901035180299334 0.7255574806341737 0.025999416258453256 0.022913209540619928
2 0.41069811447128574 0.7570738278009255 0.022074889661484964 0.021560819337102743
2 0.40198151494831597 0.7940971639566586 0.021698778754162373 0.02003557834321934
2 0.4834324407787284 0.6780888896365782 0.03162397771742009 0.03601398607588746
2 0.47355897653325596 0.7140109418321852 0.03685667984671109 0.03781717301391019
2 0.46595021577807877 0.7489150620074823 0.029563805991872028 0.032513622315218815
2 0.4564283991069569 0.786531458188164 0.028255630459549208 0.03206282558071283
2 0.4504302540759135 0.8202485433519595 0.029563805991872083 0.03251362231521859
1 0.4877215553205591 0.6391196695263676 0.026555369976130616 0.020313524287358886
1 0.5351675220585285 0.6529894288772009 0.03384846945238973 0.025617989947654407
0 0.4955770786997518 0.620309814399445 0.05311096557368156 0.040627963536321476
0 0.5368338153504579 0.6341828878234421 0.03777299604935802 0.02697038015117137
0 0.5044940149872517 0.5857439002065302 0.05889962142064975 0.03983146522108316
0 0.5455996222559671 0.6003791366466669 0.038705060674358194 0.02589593589179373
2 0.5004805067613444 0.5470328482120497 0.0325560423424201 0.0349395418165096
2 0.504917424878623 0.5177214680771095 0.03442039721384027 0.03279156825935803
