1 0.928755706204057 0.5828875570845404 0.07071407081696102 0.054348397915813806
1 0.942283758532984 0.6366635193362701 0.06689416958691552 0.05366741628736116
1 0.9536433166670395 0.6838026090100902 0.06579315066220703 0.057864550321950925
1 0.9606325854605839 0.7340624188556828 0.06116431774184716 0.05264594384468213
1 0.9686657699569107 0.7745646359515933 0.06266846008617866 0.05332692547313456
1 0.9759803055837286 0.8247667938036987 0.04803938883254266 0.05525456637151782
1 0.9817329851074663 0.8675371426122187 0.03653402978506737 0.05457358474306495
1 0.9848230323071924 0.915527459321605 0.03035393538561526 0.0591125710154784
1 0.9890704697648418 0.9603984172828155 0.02185906047031627 0.05559505718574409
1 0.8117439859345357 0.650570038175321 0.055726310427394954 0.04288835109499978
1 0.826485557150823 0.7111531184120734 0.05109747750703486 0.03766974461773087
1 0.8419799314279874 0.7704318873854081 0.05282808355409274 0.05775060775857277
1 0.854204792585572 0.8279518994438757 0.054625291502686246 0.04708548512958988
2 0.711090061831237 0.6884140756494219 0.09102709585454927 0.06456042404310025
2 0.7202478248196529 0.7453107580729241 0.09073500862015516 0.07329518292650627
2 0.7364947594539171 0.8032838543592438 0.09212787207548045 0.060361928584913405
2 0.7507192435105068 0.849912207811724 0.08830797084543474 0.059680946956460645
0 0.7095388003521443 0.646549895296606 0.10527252645533702 0.04073686024527279
1 0.5559585282731425 0.790986072000387 0.03570512992042307 0.023940204660710118
1 0.5624307099069892 0.8272911550617076 0.03570512992042307 0.023940204660710007
1 0.5725767491536846 0.8676231267505051 0.03923318661985198 0.03335730659616609
1 0.582868832017577 0.903247228183373 0.04386201954021207 0.038575913073434775
1 0.5976770051354003 0.931041377764942 0.038424254929537605 0.028819681747350057
1 0.49770503451494563 0.8013710418342914 0.03379517930540016 0.02359971384648396
1 0.5066375548742807 0.834895895538066 0.03651430431451491 0.028479190933123233
1 0.48622438428061066 0.8806757202544853 0.043862019540212016 0.038575913073435
1 0.49726927020538014 0.9149955104239353 0.041547724431920674 0.03596729054659897
1 0.5359518260109892 0.9385335248276745 0.03419976650244605 0.025869206982690574
3 0.7554549329901052 0.5669596797561687 0.06857887757285708 0.031998041638765184
