0 0.49046645864134 0.41334359639423646 0.14516683149215032 0.07558194484681946
0 0.5137824745723146 0.32684846316596883 0.16096508140085036 0.07459215124665097
0 0.6567670543109065 0.3453023573459696 0.1524999406057873 0.06788061842610588
0 0.6225033917063905 0.438896011066515 0.15156827063025158 0.07545931909002218
1 0.48989876599887955 0.5534360430775678 0.09792829904774691 0.06308221955636861
1 0.44345926361828836 0.6863049586949115 0.10361044683581455 0.049913566273781296
1 0.4603768125928662 0.6204457933730301 0.10432973818584818 0.06295959379957139
1 0.43294511830264615 0.7512556170283697 0.09550392948662495 0.04972486056657255
1 0.40982855219519887 0.8173572336345263 0.09699662907221113 0.07066092022028492
1 0.40489120596586314 0.8756076751415438 0.11666882593256916 0.06650406591705249
1 0.3805350083777989 0.940066968772751 0.10309151719167109 0.058859098653166186
1 0.3621663665678034 0.9819015789677645 0.1034521850958311 0.036196842064471046
1 0.3006910819370362 0.6953680290842179 0.08781117469797134 0.050903173224391085
1 0.2963728462047891 0.751621423376144 0.05936626379476556 0.03666911224719771
1 0.28792099205966915 0.8042788402541651 0.06395950209645712 0.04654807906992375
1 0.28235832023429597 0.8476167034617594 0.07722923758957093 0.04251366387393041
1 0.27121913589921137 0.8948367614427877 0.06855171816900554 0.056426859243091654
1 0.6109808454716242 0.5691771660780509 0.11331380862505469 0.06072559424073154
1 0.5831098533911805 0.6308614571332694 0.09131448128414354 0.08382957350287246
1 0.5674288283477448 0.6899081326728429 0.08114528450713565 0.07680689586788014
1 0.5560877918828784 0.7518851032212908 0.07902848819379793 0.0751289193379644
1 0.5290463798345089 0.8193616640632037 0.11016119748171688 0.07693905576870308
1 0.5201817853579966 0.8733504457512855 0.10194951304891936 0.08706290080590628
1 0.5036728773455217 0.9294232468562902 0.11150458555950188 0.07072700017069666
1 0.49191839530604275 0.9764053386716749 0.10933571681893212 0.04718932265665021
2 0.5018589129608346 0.48946202531402827 0.09755868091140502 0.09917586718747268
2 0.6055824486057428 0.4991183856841466 0.11965422510374135 0.10837618522447767
2 0.2279275891824701 0.599950538121917 0.04862606494638194 0.0437483356885755
2 0.21947573503735024 0.6526079549999382 0.05580091232003542 0.05151574205970044
2 0.21618864489036432 0.7027147285641455 0.058382521391997455 0.04940418160809912
2 0.20711386745546143 0.746096171197435 0.06163134938676096 0.06549501737927355
2 0.1972126175379586 0.7921401568012877 0.07108125481373537 0.059471667488475655
2 0.1930969391787134 0.8364548472283597 0.07278531079568032 0.059782812302922816
1 0.3000425930082368 0.6156353440788623 0.10613896125140099 0.05295818786960638
1 0.31034626878889315 0.5428953687436187 0.11212868228725303 0.05146891704689971
1 0.33201273388073793 0.4673621121607271 0.11677399301617691 0.05619151517264065
2 0.36629673884513636 0.4273157303358498 0.08089080591572673 0.05997133136057292
2 0.35757947109430344 0.319997387231015 0.12776969268511307 0.06594804288812867
2 0.37324947642628037 0.23276787806754495 0.1210075856428518 0.05954746823247195
0 0.6986788432440798 0.2608977056683251 0.10448799992583135 0.04749086100773256
1 0.25449340466673587 0.3618908782423557 0.11005603039810902 0.08725160651311525
3 0.5562643584542031 0.10798796885968423 0.16679654069671912 0.08857161321578287
3 0.678800351735245 0.14443375329672561 0.09373885084526568 0.09718693249266848
3 0.7593841579399438 0.15537162356706805 0.1161509185175692 0.07544978494599636
