2 0.7461739795918365 0.9795918367346939 0.10969438775510187 0.04081632653061218
2 0.7461739795918367 0.903061224489796 0.11989744897959176 0.11734693877551017
2 0.7563770408163266 0.778061224489796 0.10459132653061232 0.12755102040816335
2 0.7602035714285713 0.6466836734693875 0.10714285714285732 0.14030612244897955
2 0.5408163265306123 0.919642857142857 0.05101989795918371 0.09948979591836693
2 0.5395413265306123 0.8010204081632653 0.058672959183673434 0.12755102040816324
2 0.5408163265306123 0.6632653061224489 0.08163214285714282 0.15816326530612246
2 0.5369897959183674 0.5127551020408163 0.08418367346938777 0.1428571428571428
2 0.5293367346938777 0.36352040816326525 0.0892852040816326 0.17091836734693872
2 0.37244897959183676 0.8431122448979591 0.05612295918367344 0.0892857142857143
2 0.3775505102040816 0.75 0.07653061224489788 0.09183673469387754
2 0.38775510204081626 0.6492346938775511 0.07653061224489799 0.10969387755102045
2 0.37117397959183673 0.534438775510204 0.06377602040816327 0.10459183673469397
1 0.17091785714285715 0.4005102040816325 0.10204132653061226 0.0561224489795919
1 0.14413214285714288 0.5178571428571428 0.09948979591836736 0.07653061224489799
1 0.15816326530612246 0.6160714285714287 0.11224438775510207 0.06887755102040782
1 0.15943826530612243 0.7015306122448979 0.09948979591836736 0.07653061224489799
0 0.6836729591836735 0.47704081632653045 0.2142857142857144 0.14795918367346939
0 0.4540811224489796 0.21301020408163265 0.18367346938775508 0.09438775510204084
0 0.7244897959183674 0.18112244897959184 0.1938780612244898 0.0969387755102041
3 0.741070918367347 0.019132653061224563 0.1607142857142857 0.038265306122449126
3 0.37244897959183665 0.029336734693877552 0.1224489795918367 0.058673469387755105
