1 0.6756363804348082 0.37184103199467755 0.05411835472206017 0.046498166336071844
1 0.6707511300056297 0.4260435697874284 0.05437813179686535 0.048208083479599984
1 0.663084587726545 0.4759113053023778 0.04741191428177649 0.044589566619947785
1 0.6529576004205667 0.5268325849957469 0.049387461425115964 0.04351482302096399
1 0.6474917260935711 0.577336520416071 0.05411835472206017 0.046498166336071844
1 0.6424156733073995 0.6253048254585528 0.052402584653526096 0.04928282707858389
1 0.6363693310112029 0.6721091442542991 0.05385842171863853 0.044787222831713214
1 0.6276024547560739 0.7216587798165612 0.049647394428537606 0.04522576652532251
1 0.6213957670126794 0.7657684182581216 0.050245268495074935 0.042121979469292636
1 0.6143485223680459 0.8078702126632005 0.05136300856845555 0.042440079421980026
1 0.6061015121197606 0.854038331553572 0.053338711640411485 0.04136636218382639
1 0.5638583888821355 0.39249319402257377 0.04800978834831371 0.041485779563918024
1 0.5565732953884205 0.45483040929021246 0.0437987610582129 0.04192432325752743
1 0.549288357823322 0.5171666103057 0.044578404139861805 0.047056127409772774
1 0.5429434087870697 0.577126230919689 0.04465656812817198 0.04053147970585613
2 0.5578315143516401 0.3457293281433502 0.058172898106924054 0.05910789168946501
3 0.5457610197797398 0.28221181664596606 0.06280034230568321 0.04733202245321161
0 0.4848112776364377 0.3422754717743619 0.08411556768822476 0.046851273850353814
2 0.4735230425348248 0.38579954672287753 0.07564047830097148 0.07553584283593656
2 0.4684387729218148 0.44877194764373984 0.0786556015293815 0.08130384689355641
2 0.4635535224926363 0.5029744854364904 0.07564047830097154 0.0755358428359364
2 0.45743804955001066 0.5577037953184512 0.0706498079292221 0.07084258237730057
1 0.3420911680337142 0.4184246858349687 0.029164691006080545 0.023029811321231275
1 0.33553333248612893 0.453605411172074 0.03020426709115087 0.029872558977835195
1 0.33162674432243056 0.49396682508102874 0.030983910172799556 0.03500436313008043
1 0.3301807571142424 0.5332736805594129 0.03347916739436596 0.037350480178983125
1 0.33152427858279865 0.5619112424372181 0.0319198812310687 0.027086871874492657
1 0.298467630532767 0.40316505734963404 0.024953663715979735 0.02346835501484046
1 0.29589085243873936 0.4386142604792479 0.026331180864165527 0.02549637211105593
1 0.2692975292287303 0.47329949740001004 0.03451874347943651 0.04419322783558699
1 0.2541638815777784 0.3885922651820042 0.02659111386758728 0.027207315615414618
1 0.2522673149377921 0.42335463199391343 0.02435563372082611 0.026571115710039894
1 0.2691508951804179 0.5041545897029702 0.02822856401919488 0.030946276215988666
1 0.2519187835222401 0.5265385660910429 0.02469373071255812 0.02175741151048216
1 0.2903308851275665 0.5420575031252297 0.026071403789360348 0.02378645496752796
1 0.29503124549518456 0.35450176099794284 0.026071403789360403 0.023786454967528015
1 0.41019595920471225 0.2968697017329823 0.02692921085931932 0.02239361141585655
1 0.4043015896002584 0.3613738110134461 0.025551537782516898 0.020364567958810642
