1 0.44105548238937475 0.37587074023077516 0.059628964929916595 0.03729767416562335
1 0.4388792416221402 0.43237076372460026 0.05968655260390021 0.03908334718250139
1 0.44057876933327744 0.4850695543733616 0.05164700814437678 0.03684004420809395
1 0.4449965369802448 0.5394014747198246 0.05425003816580887 0.03520584267784932
1 0.44403541242953526 0.5922528086877623 0.059628964929916595 0.03729767416562335
1 0.4429878718014194 0.6424245612978402 0.05708352258246818 0.04071754871274602
1 0.4432418289008038 0.6916261339073477 0.05957134268950193 0.035510929316202366
1 0.44627168274286444 0.7442486528965209 0.054307660406223424 0.036992587527270415
1 0.44710438683030423 0.7907325083183744 0.055522742056317465 0.03349536948801668
1 0.4492098293746836 0.8353544190637616 0.056853068187240674 0.033571641147604914
1 0.4521244387359147 0.8844034483540927 0.0594561327751037 0.03193851144990334
1 0.5684996233097541 0.42225469555688777 0.05286208979447082 0.033342826168840045
1 0.5679417853090851 0.48761109980568684 0.047598407511192375 0.03482448437990815
1 0.5673839127419851 0.5529664322219426 0.04777123966600527 0.04018364709562827
1 0.566074461032017 0.6156803191101328 0.04887111140170097 0.03311401119007551
2 0.5823293004994623 0.375824688388003 0.06269286917537265 0.04995421593311783
3 0.6056467556100793 0.31363906396602825 0.07021395173688805 0.03612110259290807
0 0.6680462915834059 0.3888075351709374 0.0965900199601264 0.03050062821953159
2 0.6748942916634232 0.4358420764656259 0.0817207215583391 0.06352708944821417
2 0.6716757668344766 0.5013499522010583 0.08455420597499819 0.0690387954831106
2 0.6694995260672421 0.5578499756948831 0.08172072155833887 0.06352708944821417
2 0.6686824052679228 0.6151665640375592 0.07628420712024753 0.059649584943562206
1 0.8235345717515359 0.49890698223215907 0.03244632360659716 0.01790800797727765
1 0.8260747229661494 0.5363448495826111 0.032676778001825 0.02505391554241876
1 0.8247679341058143 0.578477858119109 0.0328496101566379 0.03041307825813866
1 0.8207428707432178 0.6189766651253623 0.03556785009246821 0.03235129459419317
1 0.8150130231030803 0.6479405818513246 0.03522218578284253 0.021632969162753146
1 0.8766612009110608 0.4931765344907699 0.027182641323319157 0.0193896661883457
1 0.8745164168304511 0.5299885161413418 0.02857055512822604 0.021251610864811865
1 0.900510107491035 0.57145079216472 0.03579830448769572 0.03949720215933428
1 0.9304818215394702 0.4883018592605688 0.02862817736864054 0.023038355714232905
1 0.927643045989976 0.5242580683999526 0.02596752510679401 0.022885812395056604
1 0.8961970020592274 0.6030180185889541 0.030073713413962366 0.026687045240120222
1 0.9130538702413631 0.6297914087609345 0.027125019082904434 0.017602921338924604
1 0.8659713309114077 0.6369653788835976 0.028512967454242366 0.019465937847933934
1 0.887743809761516 0.4442194892832015 0.028512967454242366 0.019465937847933934
1 0.7617217021823008 0.3592760151194331 0.029785671344750964 0.017755464658101183
1 0.7592259626592308 0.42653249987449227 0.02839772297341281 0.015892448149091798
