2 0.37875658610412755 0.2838451808700275 0.054962523419424425 0.05320527333843145
2 0.374729585720333 0.327330092382526 0.053430554198026614 0.049862993893127705
2 0.5780208360095118 0.4244425020351703 0.025131392498261795 0.025303671223036506
2 0.5741441978560735 0.4536805592278177 0.025539414570621255 0.02838102129165987
0 0.5808430827051245 0.48620455219174774 0.04137850541586452 0.024661125121633376
0 0.5765584224793265 0.5185199594530185 0.04403442178630079 0.028268333943617607
0 0.6135395249406086 0.49311839742266306 0.027279045309434147 0.016865485849857753
0 0.6101228854483152 0.523258025996469 0.028606942285220538 0.018668628612174665
1 0.5702782050991819 0.535289546948259 0.02022745941088544 0.021165680350341054
1 0.6076745081764305 0.5417239730029093 0.020023509584137344 0.01962746696470441
2 0.5642056492364526 0.5679766668373273 0.03136322256142421 0.031244804858048925
2 0.5617088846475858 0.5999203614708006 0.03044322523913401 0.032518088867005024
2 0.5555343538714825 0.633376588052687 0.03422321117747196 0.0363911503630201
2 0.5508916698979132 0.664021317239981 0.03309926402843366 0.03612622098633955
2 0.547424909662168 0.6989098972537372 0.031055319557105054 0.037134575618614996
2 0.6019598536426087 0.5760826942633046 0.025131392498261795 0.025303671223036672
2 0.5969092700155436 0.6098038502218717 0.021759551051146797 0.024508883092995037
2 0.5921646111286004 0.6412176861019838 0.020431531656497137 0.02270481703332783
