1 0.5368550368550369 0.14987764127764122 0.051597051597051524 0.029484029484029506
1 0.5356265356265355 0.18673267813267813 0.0491400491400491 0.029484029484029478
1 0.5331695331695331 0.22113022113022104 0.049140049140049324 0.03439754299754294
1 0.5343980343980343 0.25429975429975427 0.04668304668304679 0.02702653562653562
1 0.5380835380835379 0.2899267813267813 0.0491400491400491 0.034397542997542996
1 0.5356265356265356 0.32800982800982803 0.04422604422604426 0.031941523341523226
1 0.5343980343980346 0.3587218673218674 0.051597051597051635 0.029484029484029617
1 0.5356265356265356 0.3918914004914004 0.04422604422604426 0.03194152334152334
1 0.5356265356265355 0.4250609336609336 0.0491400491400491 0.03439754299754305
1 0.538083538083538 0.45945995085995095 0.04422604422604404 0.02948402948402956
1 0.5356265356265355 0.4938574938574938 0.0491400491400491 0.039312530712530824
3 0.6781326781326782 0.11056511056511048 0.0589680589680589 0.01965552825552823
2 0.7432432432432432 0.1941036855036855 0.07125307125307123 0.04422604422604423
0 0.7383292383292384 0.16093415233415231 0.09090909090909116 0.022113022113022185
2 0.7407862407862408 0.23587223587223582 0.07125307125307101 0.03931253071253071
2 0.7407862407862408 0.2764127764127764 0.07125307125307101 0.03685503685503683
2 0.7371007371007371 0.31695331695331697 0.07371007371007376 0.0442260442260442
2 0.6597051597051596 0.14742014742014742 0.0565110565110567 0.024570515970515988
