0 0.9092458545326829 0.16030940448957737 0.18150829093463428 0.11027407647465483
0 0.9572457558940972 0.2454821229519361 0.08550848821180568 0.09827415824228003
1 0.9498419702941184 0.3243505420380238 0.10031605941176314 0.0902563771872541
2 0.7867641305113344 0.9569324703297357 0.1450717344106246 0.08613505934052856
2 0.7777759853305062 0.8638369664263852 0.13746308109632344 0.09577011487548093
2 0.7588942535979228 0.7661018320883166 0.1415227613178467 0.09439235448883332
2 0.7344721176395079 0.6577843178177284 0.13434825761455638 0.09084293203911664
0 0.7261225991274927 0.5964700367895277 0.26777659354708183 0.1209457571855922
0 0.7012663135580677 0.4859052884645736 0.27321475924401206 0.1155075914886623
2 0.6512353052570923 0.3475741894485907 0.22217759830968642 0.14241819729909277
2 0.6376513521525089 0.22900603270247208 0.24188795345778236 0.15487693976252287
2 0.5905060156554525 0.1297392978535254 0.16710543177388315 0.10366016530969975
