2 0.340625 0.354167 0.05874999999999997 0.05166700000000002
2 0.34 0.405833 0.057499999999999996 0.048333000000000015
2 0.549375 0.438333 0.026249999999999996 0.016667000000000043
2 0.55 0.4774999999999999 0.025000000000000022 0.018332999999999988
2 0.5487500000000001 0.515833 0.025000000000000022 0.018333000000000044
2 0.5506250000000001 0.555 0.02375000000000005 0.020000000000000018
2 0.55 0.5941670000000001 0.025000000000000022 0.018333000000000044
2 0.549375 0.630833 0.028750000000000053 0.018333000000000044
2 0.55125 0.6691670000000001 0.01749999999999996 0.015000000000000013
2 0.553125 0.708333 0.02124999999999999 0.016666999999999987
2 0.55125 0.743333 0.01749999999999996 0.016666999999999987
2 0.55 0.7841670000000001 0.01749999999999996 0.015000000000000013
2 0.6031250000000001 0.641667 0.02375000000000005 0.030000000000000027
2 0.600625 0.681667 0.028750000000000053 0.030000000000000027
2 0.6 0.72 0.022499999999999964 0.026666999999999996
2 0.598125 0.761667 0.02124999999999999 0.026666999999999996
2 0.59875 0.798333 0.022499999999999964 0.026666999999999996
1 0.6 0.6 0.022499999999999964 0.01333300000000004
1 0.645625 0.601667 0.028750000000000053 0.016666999999999987
0 0.60375 0.578333 0.04500000000000004 0.026666999999999996
0 0.64375 0.581667 0.03249999999999997 0.016666999999999987
0 0.605625 0.54 0.05125000000000002 0.023333000000000048
0 0.6456250000000001 0.5441670000000001 0.03375000000000006 0.015000000000000013
2 0.595 0.500833 0.025000000000000022 0.028332999999999997
2 0.59375 0.469167 0.02749999999999997 0.025000000000000022
