1 0.4846425539055346 0.07856711961942112 0.0667880974319418 0.04556957689150596
1 0.4825626327110666 0.12040966066674941 0.0639360191342917 0.04498886486363525
1 0.4821425281011147 0.1595946874427045 0.06508497975695282 0.050550746004267066
1 0.4775611246433259 0.19701687912265403 0.06050928816398082 0.041626377899841
1 0.4698938654521962 0.23697232440942656 0.06508497975695315 0.050550746004267344
1 0.4691231648079143 0.2803291792236595 0.058806515211651256 0.04660921574381727
1 0.46762761708346645 0.31521811729678634 0.0667880974319417 0.04556957689150587
1 0.46304621362567777 0.35264030897673593 0.05880651521165098 0.046609215743817434
1 0.4598908493167143 0.39018676132123603 0.06508497975695304 0.05055074600426723
1 0.45376644787304776 0.4288764141702047 0.0582318625389906 0.043827440807894025
1 0.45334634326309575 0.46806144094615987 0.0662342851022737 0.05611429587611427
3 0.3243877895696309 0.01977708787741956 0.07304606635691013 0.03618628196263836
2 0.24086082449096485 0.10775326443428154 0.09305195040378667 0.06690258526758223
0 0.24972034539522903 0.07070385474798324 0.11069773689902329 0.04651731326088052
2 0.239739527812354 0.15528194728679223 0.09190298978112538 0.06134070412695013
2 0.23588297143473166 0.20117205570784796 0.09132833710846494 0.058558929191026426
2 0.23630453250358457 0.2474349461225548 0.095904028701437 0.06748329729545299
2 0.34227241645871453 0.06335927822845412 0.0713432934045804 0.04116911980661497
