2 0.9170418197427088 0.0367540766440115 0.11873147727012878 0.073508153288023
0 0.8776155728257056 0.16769185212564972 0.13382345891312353 0.06597265956274095
0 0.8943049122162205 0.2703312169440494 0.1661520341241952 0.09999808375187733
0 0.908351335735772 0.37971699911664664 0.16657892935989072 0.10243721249084214
2 0.9366295507914918 0.4549177142581121 0.1267408984170164 0.13901682765228385
2 0.949089264481977 0.5490223232670444 0.10182147103604611 0.12379245401298566
2 0.9566022129279947 0.6532566060709818 0.0867955741440104 0.12103696595924185
2 0.9659482971749248 0.745982739460739 0.06810340565015038 0.1298097228470968
2 0.972607519171033 0.8420921292913037 0.054784961657933784 0.14330255755549215
1 0.7158459792706175 0.3430351485760631 0.09305692813890054 0.06592954213869234
1 0.7331317791562986 0.4418001095119558 0.1057630678012319 0.056334133209434756
1 0.7598843423381814 0.5363958659625871 0.09305692813890054 0.0659295421386924
1 0.780836413825687 0.62697913440074 0.09843052459758206 0.06923444034310866
1 0.797651564160258 0.7157726011990166 0.09962344558791403 0.062351402043546056
1 0.8105433690027033 0.8039965623192022 0.09962344558791358 0.06235140204354617
1 0.8285514403276057 0.8850412213524648 0.10252343534917807 0.06522195233063044
1 0.83645278963165 0.9665985865394511 0.10005008473768484 0.0647890675979047
3 0.6360041426583847 0.27281260786094325 0.15617112304739256 0.08406758348912335
1 0.6626367412822264 0.13368713140241828 0.11037038241935315 0.06895973526777228
2 0.6380515045898563 0.01300960303020261 0.13391096754395349 0.02601920606040522
2 0.41238559045099676 0.06564330438973212 0.07148619376364612 0.10706959227867886
1 0.4643420532129977 0.16588024446611616 0.09058357752740731 0.06549665740596672
3 0.4745523837853294 0.28975978857331874 0.12683030231433917 0.06711313410352865
1 0.46642070843008243 0.3816632699216731 0.07812931583911126 0.049133272410487205
1 0.4890363504590299 0.474469224732428 0.07608286046331336 0.05113951641672643
1 0.5182620081664822 0.5686306332657274 0.06576256278164522 0.04696884874685858
1 0.5457805971030012 0.6530384532123796 0.07693639484877957 0.056016310710049755
1 0.5545354807925114 0.7394726126926889 0.07360950985182013 0.0507066316840008
1 0.5816709288087505 0.8289736692990276 0.06576256278164516 0.04696884874685847
