1 0.37385641618555054 0.02856374725537384 0.06991264796496699 0.05443651118757306
1 0.3826926082545756 0.07039141153987073 0.06517721867047976 0.04454254158529767
1 0.3951862578557481 0.11479896964024931 0.06991264796496721 0.05443651118757306
1 0.4004229567785498 0.16367118981856577 0.06313720391764815 0.05024136900220935
1 0.40560169131542717 0.20291896028718112 0.07195298614166956 0.048739554756624615
1 0.414437883384452 0.24474662457167792 0.06313720391764815 0.05024136900220949
1 0.42171492048395565 0.28684380874874893 0.06991264796496732 0.054436511187573255
1 0.4323800030309902 0.32996235543416874 0.06259805632454268 0.047122435401179386
1 0.4368081422760688 0.3741571107039215 0.07099094315117832 0.06067437838963352
2 0.6405878447455161 0.01724380663628488 0.09905573260255851 0.03448761327256976
2 0.6494820012004652 0.05317685903878321 0.09851658500945315 0.062406802854939006
2 0.6536986927468508 0.10543753271070397 0.10325201430394082 0.07230077245721439
