2 0.6716606425669813 0.30363971981609617 0.08007609314204867 0.08008011992659125
2 0.6569702347705348 0.378523036246129 0.07492918686801942 0.07844472356218646
2 0.6441981901035214 0.45167233728312384 0.07257399197943937 0.07334137486240982
2 0.6333005852154552 0.5174281306924939 0.0685619363083495 0.06810732728964097
2 0.6176047438492572 0.5815485277374597 0.07885574885640767 0.07137812001845034
2 0.6029126622865383 0.644491209825605 0.06917378221744253 0.060779247549216375
2 0.5928867318882154 0.7040312890148746 0.06620674141976934 0.06300397858986428
2 0.586350846981412 0.7625897800075165 0.0761518841719303 0.06378848563063333
2 0.5703056565673192 0.8172559068493391 0.06306636023842283 0.06398564523719608
2 0.5556119012383274 0.8682579545955972 0.07048197320405503 0.05842366073416838
1 0.7355638580452271 0.7083732287037243 0.09107294583271708 0.041607086802797344
1 0.7313382501622425 0.7564303549586912 0.09290414151317583 0.0429809285198095
1 0.7187381873749079 0.8044553229185953 0.10956520462090424 0.05658911752116447
1 0.7043491784913276 0.8473115927422266 0.11218357562267978 0.051878100792476345
1 0.701213503346521 0.8935693541676595 0.11584696149787232 0.05462586267720504
2 0.4258161028588038 0.6047548774656518 0.09639418700469482 0.04448562601122208
2 0.41570399952578196 0.6649166065276355 0.09988323798193871 0.0459902450519305
2 0.4004000720539699 0.7202696542279643 0.09456199680996097 0.04311170584350554
2 0.3930347622416362 0.778762717333406 0.09656852190264364 0.04572876885524224
2 0.39116502849922885 0.8339186054271719 0.09752804309335877 0.04088689635215381
1 0.44805520344889316 0.5417790826867772 0.12500927097553682 0.038137147225388746
0 0.45341634118681434 0.5095227181787503 0.12666613175804697 0.03826784609838085
0 0.466931322562381 0.4490009723421488 0.13992698510377832 0.039313907786542424
2 0.5116331672795317 0.3871686685322906 0.05853129987348665 0.05502216913236685
2 0.5182139700510963 0.3342697482249394 0.06437554573931076 0.061630136872852015
1 0.7614606439596938 0.5954101655166522 0.10974288705139801 0.034474100976194744
1 0.7678238677348215 0.5500354517099179 0.10660151135577622 0.03545568917282238
1 0.7814716136761208 0.5064922610277804 0.10738769216281796 0.029370752276417944
1 0.7928074088273288 0.4615098007414306 0.09499950782110544 0.03454048325906112
1 0.8073268292583717 0.41175089583919255 0.10346113017442982 0.03643735582015423
1 0.8150424826328755 0.3627121813875979 0.10197760977559334 0.03754972134047807
2 0.3739581024771885 0.2575318106404675 0.08243599406716867 0.03846699294698008
2 0.3591349301150093 0.31543657191603647 0.08871775094413703 0.036503738103020655
2 0.3539944036437927 0.37599047604770064 0.08488003017099566 0.032512833374271854
2 0.34946404931539654 0.43219338022529447 0.07824960349812998 0.031989802530191014
2 0.34279707360913275 0.4857139504053598 0.06996231604275416 0.03133607281311823
2 0.33481991788770604 0.5366173791229845 0.07161917682526425 0.03146677168611023
2 0.33530537903387875 0.5869314731643663 0.06298321957399111 0.028326756280997234
2 0.33134127349781717 0.6331238851533032 0.07458621762293727 0.029242040645462652
2 0.3217944244428548 0.6832750435759256 0.0734513670199981 0.03284069185382654
2 0.3138615073341916 0.7278974870876579 0.06978798114480544 0.03009292996909818
2 0.5368262337993911 0.21947516191327043 0.09290414151317578 0.04298092851980945
