3 0.2452253223252063 0.38708124608648553 0.1203178605808965 0.06686800198026971
1 0.1966736484722212 0.45749673327190254 0.0726166525811926 0.05633757041553572
1 0.19683989713154149 0.5440518546786366 0.07207084896355961 0.05108644482477909
1 0.19552924887688844 0.6196290391912855 0.07666227196585176 0.04678459020892978
1 0.18789872672362318 0.7056350916590787 0.06711548410902957 0.05188684889671169
2 0.3811578656252327 0.28196735116228017 0.10982925093413765 0.09926571088773128
2 0.38868768767084316 0.3984263175194532 0.15365608198170472 0.13311550664077454
2 0.3797034941278154 0.5100494279362187 0.15126933043713742 0.13439054620016094
2 0.37153789685051347 0.6137969001919672 0.14760910989190879 0.12341365953119388
2 0.37820599033456503 0.6881724283715988 0.08086829612871343 0.0630126024686537
0 0.6044780815220575 0.46952090884600295 0.2025134864997009 0.08205633757878861
1 0.5826077982941069 0.5288107152618233 0.09811008626110351 0.07134885872785962
1 0.5694923641501586 0.6361028132567464 0.08857413605860143 0.06443650893101482
1 0.5569280432902799 0.7443894578720709 0.0959160341362516 0.06235896484945924
1 0.5471035781728861 0.8389097185056925 0.091506582060078 0.06841154473726707
1 0.7822060545424505 0.7556883490391172 0.08270913489492437 0.05648538709339235
1 0.10030698283810802 0.2826991135170165 0.03171153904150574 0.03847846917848968
1 0.10246927453612839 0.3437537353964054 0.02749467722432411 0.034265065403392525
1 0.10150631165223309 0.3970956034070169 0.028778983879305414 0.03450238314711934
1 0.09916800206993533 0.45107604142243984 0.027676648150442934 0.03601579067535077
