1 0.4575246641493709 0.3587401749686376 0.029101836932814762 0.027882931529778943
1 0.452376152291074 0.3827936690791489 0.02788906861018492 0.0274791868456028
1 0.446924125346297 0.4050279430125128 0.028494625074746427 0.030712912301063322
1 0.44344259458032836 0.4270596451619404 0.026373431212720178 0.02545809432636731
1 0.44087096306215484 0.45111243983060345 0.028494625074746538 0.030712912301063267
1 0.43496472334767966 0.47577225040922744 0.025766401039759634 0.028289045312309746
1 0.4305732933339159 0.4957828600394195 0.029101836932814817 0.027882931529778887
1 0.42709176256794723 0.517814562188847 0.025766401039759634 0.028289045312309802
1 0.4230038476406635 0.5396443919961864 0.028494625074746538 0.030712912301063433
1 0.4199771756560386 0.562687125512561 0.0254635319649249 0.0266716974772504
1 0.41452514871126145 0.5849213994459248 0.029100363224415948 0.0339476079711819
3 0.5321038394724108 0.35608278002110805 0.03152884728647365 0.02262574445672816
2 0.5539466500139103 0.4217611681825544 0.040620834592647315 0.04081503558422794
0 0.5556090282959341 0.3991238490068626 0.047597704555498166 0.029491773186077652
2 0.5475861975297369 0.4488465154064382 0.040015278128085696 0.03758131012876731
2 0.5425898570630568 0.4755274185042975 0.0397124090532508 0.03596396229370802
2 0.535774364112432 0.5016027045758927 0.04183360291527738 0.04121878026840414
2 0.5184659493557041 0.3773100613423863 0.030921817113513272 0.025456695442670707
