1 0.8167163243766122 0.5134758506543788 0.09896076490591488 0.04873428877537156
1 0.8329679850884919 0.5910650502306984 0.09001084914706026 0.04815552213118324
1 0.8261936571135268 0.6600311687014129 0.08120556717258798 0.049813339435132664
1 0.8478218908681239 0.7339010782281803 0.09224832808677397 0.048300213792230484
1 0.8595985937005763 0.8117796611265939 0.0928270368542975 0.05724923455950914
1 0.8741526325450824 0.8804895007914304 0.09030020353082169 0.0526300325148229
1 0.88325778145468 0.9518003385317502 0.09506451579401132 0.05739392622055606
1 0.6852094444509249 0.7556518591747603 0.09614449038368056 0.03963923385968171
1 0.6896948280667192 0.8250128113143085 0.0874839290085877 0.04353497759913305
1 0.7041042331268427 0.891486067031007 0.09867132370715592 0.0442584359043684
1 0.7012261542637809 0.9512137814123487 0.09881604430653534 0.04649636233986987
1 0.6360079472378639 0.6723299598904131 0.14356562310080911 0.049390195560811034
1 0.6233631812541256 0.5810278458410812 0.15251553885966396 0.049968962204999245
1 0.6097443095849129 0.49203466157041076 0.15027805991995014 0.049824270543952165
1 0.7621770190010217 0.45184497127202894 0.14884162692251113 0.09652194495584543
2 0.6403738377028252 0.4271420830164103 0.08294186710515228 0.07666308671169708
2 0.5883897047945308 0.31816241674745527 0.16204425020103896 0.059498092103830225
2 0.5840437420949354 0.21621288082522377 0.15800336730475273 0.06592114560087717
0 0.753144273798612 0.381653767993142 0.1505674143037119 0.05429878092759172
0 0.7537796608537766 0.2872455775420263 0.15504237218313932 0.05458816424968582
2 0.5216846966890789 0.7111781839250637 0.03819228831087906 0.0737692534907558
2 0.5260978502276789 0.779422186577907 0.03717950456021413 0.05810779590433579
2 0.5370786331710438 0.8449928453247435 0.037034783960834816 0.05586986946883443
2 0.5300873545195046 0.9106040878732515 0.037034783960834705 0.05586986946883454
2 0.5407787830791075 0.9717002362364486 0.04136502124088293 0.05392132635542701
2 0.520878437878621 0.6292212667992081 0.06966171406624971 0.07803286318091651
1 0.4390290722724143 0.3884857269014485 0.14190693974361585 0.05819586715440661
3 0.7506425811086859 0.06501170420513648 0.18578836857160674 0.0476648267370658
