3 0.4448218165225938 0.3492096327726655 0.2242618483691377 0.11429547416379332
1 0.34667522074728385 0.4288030161095415 0.13793637837951805 0.08939301097866298
1 0.333105285069856 0.5408251911763148 0.1361185615421152 0.08255478047544779
1 0.3186518193250303 0.6382943233266353 0.14356774723653876 0.07816238400266107
1 0.2912204534457782 0.7477580358064937 0.12745725558051085 0.08238744484869098
2 0.7048629095948733 0.2454364941891357 0.21089661269821258 0.15315854569894985
2 0.6996763023824919 0.3978928967890619 0.29412171713984125 0.20691637045844874
2 0.6657188278174889 0.5401784289933399 0.2900939124441504 0.20797195184690587
2 0.634487714945223 0.6724686993104678 0.2818247775034314 0.19307257382526222
2 0.6345017395358123 0.7702743842509459 0.15365469901466122 0.0998999925275198
0 0.9440475040019674 0.5410226629431399 0.11190499199606518 0.15342881865064184
1 0.9664695306845418 0.6125462976454472 0.06706093863091644 0.11468718362962593
1 0.950650853178597 0.7482492383588893 0.09869829364280602 0.10356874357316204
1 0.9275646469619443 0.8853695296641643 0.1448707060761114 0.10267776251926009
1 0.9125303840221153 0.9753268271703431 0.17340046078212756 0.04934634565931373
1 0.2022682859834597 0.17981232095838945 0.06248147508305485 0.056761336236415744
1 0.1963550679449101 0.2593157397959423 0.05431910291700473 0.05036722861405096
1 0.18608607235562957 0.328099809682251 0.056635853549961396 0.050978687121658095
1 0.17325410126508484 0.3973840423989823 0.05492516305059489 0.052647094663822835
