3 0.5178329400425218 0.20621605236107624 0.16356205385853123 0.04401718696002882
0 0.534643575489937 0.35132789453455443 0.13888790469174622 0.04323649980243183
0 0.5410610796828346 0.4130438977060411 0.1370507829209363 0.04185888003588345
0 0.5375736494259954 0.3831515905060344 0.06320819208271855 0.04075951885453849
0 0.5343797529591412 0.32054447917411827 0.05528356818409652 0.042570483932915626
2 0.5815745400425102 0.46129670576627546 0.0684625904341345 0.06574844415856279
1 0.5298386191871323 0.5208316484676077 0.07329209008721976 0.053861038209012446
1 0.5974514122246055 0.5014964604043798 0.07927684585177097 0.027330986776815502
1 0.6076894297739984 0.5490706636103485 0.07981641583818244 0.03105908765115384
1 0.5419137585073348 0.5695136324899204 0.0701574165320118 0.054833899550254306
1 0.5475594687098201 0.6143183431872803 0.06151336598484125 0.051674063462846975
1 0.6150823334162246 0.5943618049783294 0.08129283012448463 0.029951225899311984
1 0.5683883615630976 0.6597729909168857 0.0729323767629454 0.051375637626120296
1 0.6373688600612019 0.6440984844581938 0.08201225677303325 0.034922027065096284
1 0.5732059362913628 0.7046451208840476 0.07033727319414895 0.056076599841700436
1 0.6408898771653023 0.6915908535478523 0.07833900739164701 0.03216686846749772
1 0.5885956058289105 0.7530572659561561 0.06648416715062555 0.05207874095265552
1 0.6514174543627365 0.7353694556741828 0.0864434879524062 0.03159860368056666
1 0.6001311751627015 0.7980111491041303 0.06961784654560033 0.051105798675916025
1 0.6632228086897333 0.7821873892593263 0.07614217229656295 0.028303848118057306
1 0.6063362300064339 0.8408843091590211 0.06943798988346306 0.049863098384469895
1 0.6775135635996223 0.8288029840995655 0.07484561467239803 0.03065441016134529
1 0.42522433939710336 0.6783434897242895 0.05949638755189435 0.04905374340485258
1 0.48730798078777815 0.6613444488578414 0.07833900739164706 0.03216686846749783
1 0.432077673052918 0.7199065302179319 0.06832128892143524 0.05345636071920401
1 0.4975647788317734 0.7032590814825006 0.08259038190888296 0.02760074479152197
1 0.4473961947539995 0.7620377545630075 0.062451204444964936 0.0468381817721647
1 0.5099482582946196 0.742485893843865 0.07264877957731403 0.02679138981190443
1 0.45362003009233426 0.7992513440365886 0.056760976630631954 0.04146270311657152
1 0.514965464339858 0.7829410725856658 0.08147268678662178 0.031193926190758003
1 0.45966500292876494 0.8352221522832257 0.0587769609033455 0.044082942239067946
1 0.5249524773906475 0.8229916547731558 0.07668174228297453 0.032031948992395476
1 0.4140061537029368 0.4849973427513376 0.09584552029756366 0.028679857785845475
1 0.4235385567962066 0.5508604581979815 0.08626363129026904 0.03035590338912053
1 0.44589523711741685 0.6068781393403766 0.10189546143617106 0.036540737024330916
2 0.44653974139428754 0.44337113327314137 0.05967624421403145 0.05029644369629871
2 0.3799518337201676 0.37712358852371025 0.11457346884923547 0.04494121322772704
2 0.36426078066261924 0.30924716925378504 0.11918455669074551 0.042860490134643325
2 0.34449582221604247 0.6302212699184109 0.03468093687241014 0.035980972807896916
2 0.35215851085147454 0.6773764617235611 0.03230424511518892 0.030875252167010037
2 0.3675669608836246 0.7201290362143595 0.034680936872410084 0.035980972807896694
2 0.36237178544385507 0.7595296004341062 0.03597848865680836 0.03363049170010668
2 0.37437677108782463 0.8019305827938883 0.034141366885998614 0.032252871933558414
2 0.3844734871245183 0.8369428636102938 0.03360179689958709 0.028524771059220022
2 0.3487195723484269 0.578326364449899 0.05268945877553333 0.047271527083993625
1 0.26284347837401534 0.41934839460162043 0.1284067323737657 0.03869904394847623
