2 0.5982866866600836 0.27787407920443485 0.10039689332198176 0.04694587268347078
1 0.6094807852426334 0.3699095341298729 0.09224554565769094 0.051586566115563226
3 0.6688327381057765 0.44189396874336295 0.1275424818214932 0.060461479579724864
1 0.6261548029451299 0.49490900767974216 0.07785625405703134 0.04470502158601464
1 0.6408611869456369 0.5558058263711088 0.07554549623403195 0.0361283687403855
1 0.6423336582569839 0.6180706270484051 0.08208041560795298 0.037118743037910074
1 0.6524526396232642 0.6745616141309587 0.07980279060782969 0.04029918997720172
1 0.6614084489667743 0.7235772948585486 0.08176687375896252 0.041772056809566305
1 0.6751157348858281 0.7776115738040705 0.07620571275488885 0.038578840981993934
1 0.6817861261179441 0.8276112443850446 0.07359895968323371 0.04053420034919841
1 0.6966234512368923 0.8763732070543677 0.06967079338096782 0.03758846668446936
1 0.8269450390382366 0.47021771391039136 0.057228038331106346 0.026301090546107686
3 0.800332968501555 0.41877680162032066 0.08731146835159809 0.03908672274467839
1 0.7800313104852017 0.34342478019086453 0.07196498479252933 0.04028656963763794
2 0.7950519283442559 0.2761099047210852 0.05997026326095645 0.07137457596473767
1 0.8321630759213006 0.5274514445789091 0.05561161004073689 0.03193215827572471
1 0.8359209653440417 0.5887322554028214 0.060842662784381885 0.03390013798249314
1 0.8409661549856204 0.6421663880787878 0.050397123708529556 0.03584272846141667
1 0.8528753920726524 0.695835531126751 0.05434185642223355 0.044667012018606456
1 0.8598836846764675 0.7502474177606784 0.06350009527924805 0.049580576841386836
1 0.8672045389403765 0.7995108777485458 0.05760882601474582 0.04516212489301019
1 0.877463234725266 0.8470538401924881 0.056932043082451034 0.03683310275894158
2 0.4865408884476905 0.601510366110438 0.10406219719846826 0.07218071834595441
2 0.4963463279649806 0.6631499283877689 0.10307187241718274 0.06850500998354214
2 0.5077604026613697 0.7149812172545257 0.09688460790402487 0.07461857024799912
2 0.5221376585903446 0.7746526512763707 0.09853514920616735 0.08074475085201982
2 0.5402594999021398 0.8292931638381545 0.09196611682047356 0.06799712822085735
0 0.4824870037762937 0.5517517932481668 0.12364940871989666 0.06927314279735064
0 0.46334851778271097 0.48387507817367453 0.12297164559870499 0.060943972114564704
0 0.4525693198955734 0.4249336188495126 0.10168419354081959 0.04008971738176659
2 0.3935552684041297 0.3573614002889759 0.08798825128389315 0.04741574487874706
1 0.22626363146346348 0.25710109100377987 0.06774082324160774 0.04787284818574261
1 0.2461767086849066 0.3089196109822559 0.0621796622375341 0.044679632358170074
1 0.25709562099065286 0.3589130456678066 0.06348352886781 0.04370202694892639
1 0.27340186687009116 0.4068147595651674 0.06381363712823851 0.044927263069730494
1 0.38652685883801946 0.23345065289020833 0.062163095826095804 0.03880108246570968
1 0.4796613704305741 0.22571233607247082 0.05038055729709162 0.029964178568956362
1 0.39761082527398006 0.28405670563616114 0.05528150178030805 0.030706922154920546
1 0.48763464810406937 0.2742392883697973 0.050380557297091566 0.029964178568956445
