2 0.7372503347468449 0.04841779719811842 0.34101257764294124 0.09683559439623685
0 0.28873196748686175 0.14695397981220162 0.32770718652181713 0.15034224447904615
2 0.6841545572945389 0.24319365583469887 0.37729915762818733 0.15604448523222036
2 0.9327395430567983 0.39377092918728807 0.13452091388640341 0.1473366918985759
2 0.5244270834678645 0.4747410627151051 0.18069326183553042 0.17568616191461062
1 0.5953507099222712 0.6277985065523985 0.2600615190208695 0.12144011260302501
1 0.5686026018421048 0.8330003984445964 0.21958827864046743 0.09918302188499106
1 0.4996692049017497 0.9798476251054118 0.23382403873829283 0.04030474978917642
2 0.7635433463246535 0.9097795512842933 0.12393518048527408 0.17268060933414042
2 0.14659171541859595 0.5254178546463129 0.1777161009174345 0.21055053917754318
0 0.25919275247659096 0.3735682430322811 0.3653893199721152 0.15115438459588798
1 0.09900536741273744 0.6686950559833723 0.19801073482547488 0.11391812756109165
1 0.08639505765202846 0.8370832691531779 0.1727901153040569 0.11887329515296874
1 0.07950904613669352 0.970690129858904 0.15901809227338704 0.05861974028219197
