2 0.6821258270229353 0.11582105945758034 0.05675140099433573 0.07149475808562593
2 0.6615456287298729 0.19464823303750572 0.07022781214795881 0.09513770994636053
2 0.6451218084662229 0.2789619019304365 0.07120114164806923 0.09367586042314993
2 0.6301860419339715 0.3565016417234401 0.06902986433219194 0.09484699742778696
3 0.7098748795257367 0.22084104795440074 0.048815492288233786 0.045800244734190726
0 0.5559882859185572 0.20611674461373908 0.11245621911398052 0.07143056529680505
1 0.5555974726486885 0.2560021911983698 0.05255882832562797 0.05689493936812409
1 0.540605937922009 0.34334653114875235 0.049264728919547585 0.04930536881775943
1 0.522160116908577 0.42448417272494465 0.05046267673531446 0.04959608133633292
1 0.3949504810624719 0.40116174007634114 0.051286513645332044 0.03791167473490997
1 0.2589782818733169 0.35158076172568 0.035862684630453084 0.044354969071665196
1 0.25300048531904956 0.4304363239284259 0.03900742619048117 0.041723033870777304
1 0.24542155310658365 0.4981866957163727 0.03271794307042519 0.04698690427255314
1 0.7074345341073478 0.2818251067185814 0.027776659217264132 0.0356014971200464
1 0.6984790845523399 0.33674020729169757 0.029423843664344806 0.039397333722188344
1 0.6859852089764209 0.39078420815000464 0.030172554848797883 0.03618292215719343
1 0.6776194746342248 0.4458446649824076 0.03736024174340047 0.037927197268635304
