1 0.12421383647798728 0.30974842767295596 0.19182389937106908 0.09119433962264151
1 0.15880503144654076 0.48427672955974843 0.20440251572327037 0.08805094339622643
1 0.17138364779874213 0.6399371069182391 0.2169811320754717 0.07232641509433957
1 0.19339622641509438 0.790880503144654 0.21069182389937097 0.07232641509433935
1 0.21069182389937108 0.9292446540880502 0.18867924528301885 0.07232641509433946
0 0.6525157232704402 0.32861635220125784 0.3364779874213836 0.09748490566037737
0 0.6446540880503144 0.5047163522012579 0.3081761006289311 0.07232641509433974
2 0.6022012578616351 0.5864786163522011 0.24842767295597468 0.09748490566037737
2 0.7138364779874214 0.8144654088050314 0.12578616352201277 0.15094339622641517
2 0.7185534591194969 0.949685534591195 0.1352201257861636 0.10062893081761004
2 0.9732704402515723 0.7216974842767295 0.053459119496855445 0.14150943396226423
2 0.9716981132075472 0.8962257861635219 0.05660377358490565 0.15094339622641495
