1 0.9311023622047245 0.40649645669291334 0.08661417322834664 0.037401968503937066
1 0.9379921259842521 0.47244094488188976 0.08464566929133854 0.03543307086614178
1 0.9399606299212597 0.5364177165354331 0.07677165354330706 0.033464173228346494
1 0.9557086614173227 0.6043311023622047 0.07677165354330706 0.03543307086614178
1 0.9606299212598426 0.6702755905511812 0.07874015748031482 0.033464173228346605
1 0.9665354330708661 0.735236220472441 0.06692913385826782 0.033464173228346605
1 0.969488188976378 0.7992129921259843 0.0610236220472441 0.03149645669291323
1 0.9753937007874016 0.8612208661417324 0.04921259842519665 0.03346417322834627
1 0.8100393700787402 0.621062598425197 0.07677165354330717 0.033464173228346494
1 0.8110236220472441 0.6830704724409449 0.0748031496062993 0.03149645669291323
1 0.8228346456692914 0.7421255905511812 0.07874015748031493 0.03543307086614178
1 0.8228346456692914 0.802165748031496 0.07480314960629919 0.037401968503936844
1 0.8257874015748032 0.8612208661417322 0.06889763779527558 0.03740196850393673
1 0.765748031496063 0.5462598425196852 0.09448818897637812 0.033464173228346605
1 0.7529527559055118 0.4635826771653543 0.09251968503937014 0.04527519685039366
1 0.7509842519685039 0.3769688976377953 0.08070866141732291 0.04527519685039383
2 0.9143700787401576 0.34645629921259835 0.05708661417322858 0.07874055118110229
2 0.7785433070866141 0.3169287401574803 0.053149606299212504 0.06692952755905512
2 0.7322834645669292 0.2204728346456693 0.08661417322834641 0.03936968503937008
2 0.7244094488188977 0.1309051181102362 0.07480314960629919 0.04527519685039369
0 0.8759842519685038 0.2834645669291338 0.12598425196850394 0.039369685039370106
0 0.8799212598425197 0.19586574803149603 0.1338582677165353 0.041338582677165364
3 0.8681102362204725 0.009842421259842516 0.15354330708661423 0.019684842519685032
2 0.6594488188976377 0.5787401574803149 0.03937007874015752 0.0551185039370079
2 0.6614173228346456 0.647637401574803 0.03149606299212604 0.05118070866141722
2 0.6692913385826772 0.7096452755905512 0.03543307086614189 0.04921299212598429
2 0.6594488188976377 0.7687003937007875 0.03149606299212604 0.04921299212598429
2 0.6692913385826771 0.8238188976377954 0.03149606299212604 0.04133858267716539
2 0.6722440944881889 0.8818901574803151 0.029527559055118058 0.04330748031496068
2 0.6633858267716535 0.5019685039370079 0.04330708661417326 0.06299173228346455
1 0.5836614173228347 0.2746062992125984 0.08858267716535428 0.03740196850393701
