0 0.5684171740382176 0.3610313203742885 0.13871326561910446 0.07038685491067687
0 0.5929121402512767 0.282487463328929 0.153526769197592 0.0699862072115249
0 0.7323680921857929 0.3026340933686852 0.14536734323923473 0.06386628355415475
0 0.6970288187919426 0.38741698588095463 0.14472421945774472 0.07046806695071312
1 0.565116138885001 0.48909744550752177 0.09394545870246973 0.0580623158554221
1 0.5171008799848196 0.6095087365620614 0.09888075862682633 0.04671077520503286
1 0.5349346164328967 0.5496846921679464 0.09995641254110998 0.0581435278954584
1 0.5055465277570241 0.6686488575171733 0.09125819343175207 0.04630703453038465
1 0.48164632191291934 0.7285525674635764 0.09330233492097961 0.06466409925198058
1 0.4756765793419633 0.7816947761838634 0.111658690715363 0.06160723039879179
1 0.4505963889530854 0.8400686018971693 0.09866732926927974 0.05452030092505811
1 0.4315285702572727 0.8912363863272019 0.09920612242028026 0.06023687063276151
1 0.37731718020856553 0.6145243714655318 0.08406628885447992 0.047111229541694
1 0.3719919792735246 0.6658549667006186 0.05690358141754015 0.03382297100806286
1 0.3626951978925035 0.713803264834899 0.06152208754771932 0.04259950254445144
1 0.3564062774790865 0.7532973667049118 0.0738665233096038 0.03946122828873588
1 0.34458826296621714 0.7962130185704919 0.06613962748404001 0.05137584071834933
1 0.6832078740575299 0.5062622327831328 0.10832926785701402 0.0564539258328034
1 0.6547451293011994 0.5620185101496902 0.08836703499662302 0.0760156399023697
1 0.6382540592946222 0.6156425786091653 0.07859696387569037 0.06957338097287835
1 0.6259494169459973 0.6720450730077132 0.07655662428917154 0.06804330337729037
1 0.5981843453346853 0.7331159192575651 0.10586400194311951 0.07054328640224738
1 0.5884578695297208 0.7822719597153123 0.09845866800830083 0.07915700713358198
1 0.5712155432084552 0.8331582082557325 0.1069358539546943 0.06514905196666498
1 0.5585357557994151 0.8881918893759987 0.10500461309523279 0.06812780175531397
2 0.5780653228695413 0.4308833376237735 0.09470431882257602 0.08962314073262567
2 0.679302248683205 0.4420875323465905 0.11574697369381826 0.09832135984198359
2 0.30803555556687456 0.5256224738539402 0.04702917966611797 0.039699065182833504
2 0.2987387741858535 0.5735707719882206 0.05400862107970217 0.046704589254040085
2 0.2945423586741998 0.6193054558128916 0.05636955636310714 0.04493358178885798
2 0.2848182669175191 0.6587589516628863 0.059915244287853 0.05910415439833838
2 0.2742338201190926 0.7006277387973241 0.06860966149450193 0.05411366063740397
2 0.2693406976562791 0.7410480471011914 0.0702203066570774 0.0544359959095253
1 0.37824587437025026 0.5416141322376005 0.10134982644342966 0.049448401761596705
1 0.3897470950889423 0.4753478289139942 0.10693205205198553 0.0483220648406571
1 0.41241418487917036 0.40678805236599935 0.11144145945510747 0.05258976899280898
2 0.44672378372298915 0.37096106982439214 0.07784190565829296 0.05483954322168283
2 0.44030311116780885 0.27264589593340127 0.12207188561778581 0.061447705931724717
2 0.4573358100342367 0.19325549800647532 0.11552213862814498 0.0556499241839849
0 0.7750059848356887 0.22642740854322863 0.09963104874765605 0.044617432467729534
1 0.33867912005231104 0.3085856109710646 0.10608123320337509 0.07956074780823019
3 0.6387429355211905 0.08336795793622756 0.15943435859960164 0.08238596571831408
3 0.7578505554873406 0.11949522758291607 0.09105430026734074 0.08777092122740723
3 0.8364351474610453 0.131340999874479 0.11144622755167499 0.06941694948130783
