2 0.5562139596428664 0.24008035916291431 0.1714859760686933 0.07236848966592324
0 0.45598558266850503 0.3460188293293483 0.30145317598727617 0.07960497744540296
0 0.4288747688313163 0.43124202567489567 0.2794821531905446 0.06593368728997234
2 0.45319472085192725 0.49682355646726584 0.21343023045688292 0.09713281339115681
2 0.43328794631781586 0.579409004368562 0.20330116031954892 0.09769753462894581
2 0.4023248620173867 0.6531972477994739 0.1978792029883179 0.08020714446583121
2 0.38391765914916487 0.7153759878598939 0.1990205529325595 0.07538503473595459
2 0.35994633047667424 0.780920574504002 0.180188215841442 0.07415908938617599
2 0.3469594860215146 0.8409667954993364 0.18161504620602742 0.07180376842813407
1 0.048899014019504417 0.8279132058056182 0.09779802803900883 0.03426721235932306
1 0.059814269713743685 0.7731348320607025 0.11962853942748737 0.03482441769365863
1 0.06762989913661999 0.7208827389462453 0.11627293865652089 0.035723475505511915
1 0.07619374000980195 0.661791276236003 0.1302538238131946 0.03908180618574608
1 0.08518500205441538 0.6064556971567521 0.12854254020930003 0.03897040523926787
1 0.0986712095232264 0.5346364621546483 0.13182339438795196 0.037959879613621794
1 0.10523703146918487 0.47044418674638955 0.13382118559322498 0.04053813619924945
3 0.07915722525682564 0.3844114211941126 0.15831445051365128 0.05654226646967564
1 0.133352967006351 0.3020264280773559 0.15950128319912404 0.056899083886786106
0 0.10241619500136653 0.23886715913778983 0.20483239000273307 0.0677392519498177
0 0.15584743631025932 0.1465667594965938 0.31169487262051865 0.10179104458500869
