2 0.42821022245874363 0.2514850942417379 0.06342468311934235 0.05917264909837511
2 0.422390312201412 0.29930965930602715 0.061850285067704236 0.05583994119058805
2 0.6266196854306529 0.369482032202513 0.02769265076888272 0.020482955597907138
2 0.6232966876439844 0.40594690608181583 0.026621533906019845 0.021790050346841283
2 0.6181994219271587 0.44127952963354955 0.026621533906019734 0.021790050346841283
2 0.6161152342954528 0.47798329100913767 0.025550517699394537 0.023098073056306845
2 0.6115534263538209 0.5142092773921552 0.026621533906019734 0.021790050346841228
2 0.6072433596628142 0.5481144344862805 0.0303379643709083 0.022506712835697273
2 0.605243018677158 0.5840452047392589 0.018853185735805078 0.017263832918158695
2 0.6031589317016898 0.6207480381543156 0.02273741014903119 0.019527405612765558
2 0.5977777481478201 0.6528683255069363 0.019020979684142625 0.018810743123909623
2 0.5924287411803695 0.6905217783475619 0.01885318573580519 0.017263832918158806
2 0.6594216866463796 0.5684401212231347 0.026557080076944573 0.03237767836974925
2 0.6529178168262534 0.6050807674843337 0.03151232069679599 0.03333322835489072
2 0.6484399561869092 0.64053283478421 0.02498278268154419 0.0290458984224935
2 0.6423876974959272 0.6788398349993027 0.023743972526581336 0.028807010926208187
2 0.6393164409598835 0.7129838795897134 0.02498278268154419 0.0290458984224935
1 0.6605187047175101 0.5291775710229004 0.02364063240731895 0.016672472697549345
1 0.705567481425317 0.539443874843067 0.03017027107880843 0.020960730590477872
0 0.6664160538858366 0.5097881126791208 0.04728136547087558 0.033345873355629885
0 0.7057223909479728 0.520526332971754 0.033886701543697106 0.02167739307933403
0 0.6721327246801434 0.4745749328755299 0.05313982834901487 0.031446490425555085
0 0.7113552150962299 0.4860861442907729 0.034957717750322526 0.020369370369868467
2 0.6655452412271097 0.4361989590259441 0.02762809628356977 0.0310696556602838
2 0.6674938114968967 0.4065752733441119 0.029770229353057953 0.02845453820188415
