1 0.4371234294664112 0.3276388077459324 0.028228244907339328 0.030324992851285537
1 0.4415566376337916 0.3528966002346059 0.027074630420877044 0.029843833352843963
1 0.4450865330073672 0.3767268247270332 0.027741620497137298 0.03321360357278935
1 0.45015888398260917 0.3990017364433197 0.02558742083776744 0.027677283228344896
1 0.4567042654488136 0.4224636364066313 0.027741620497137298 0.03321360357278941
1 0.460734453408843 0.44879558217300397 0.025100996544599852 0.03056690498201803
1 0.46433377389312247 0.46988350564226544 0.02822824490733944 0.03032499285128548
1 0.4694061248683643 0.49215841735855176 0.025100996544599796 0.030566904982017973
1 0.4739087581464486 0.5146739088240591 0.027741620497137298 0.033213603572789574
1 0.47971772442568916 0.537542815008113 0.02476740144795253 0.028881514355960647
1 0.4832476197992646 0.5613730395005403 0.028408810690432107 0.036584384824904004
3 0.4973044436783509 0.27328677610061985 0.030354908097171285 0.02502791987455022
2 0.5388395136263355 0.31724206516417913 0.03945833114485342 0.04428459053082434
0 0.5320580095596208 0.29568889269555504 0.04568549151782908 0.03296838398034874
2 0.5433699941728187 0.34607573220449706 0.038791341068592944 0.04091482031087873
2 0.5488732126238107 0.37359466621789483 0.03845774597194562 0.03922942968482135
2 0.5526672779833297 0.4018353394789551 0.04061194563131565 0.04476575002926586
2 0.49376160408552483 0.30191268507838465 0.02986848380400392 0.02791754162822324
