3 0.68625 0.35166700000000006 0.11249999999999993 0.04333300000000001
1 0.725625 0.425833 0.06625000000000003 0.04166700000000001
1 0.7168749999999999 0.506667 0.06625000000000003 0.036667000000000005
1 0.7106250000000001 0.5775000000000001 0.07125000000000015 0.031667
1 0.709375 0.659167 0.06125000000000003 0.03833299999999995
2 0.566875 0.23 0.0987499999999999 0.07666699999999999
2 0.548125 0.3375 0.13874999999999993 0.10166700000000001
2 0.545625 0.443333 0.13625000000000004 0.10333299999999995
2 0.5431250000000001 0.541667 0.13375000000000004 0.09333300000000011
2 0.5293749999999999 0.61 0.07374999999999998 0.046667000000000014
0 0.3349999999999999 0.3666670000000001 0.1925 0.04333300000000001
1 0.35000000000000003 0.425833 0.08999999999999997 0.05166700000000002
1 0.35187500000000005 0.528333 0.08125000000000004 0.046667000000000014
1 0.353125 0.631667 0.08875000000000005 0.043332999999999955
1 0.353125 0.721667 0.08374999999999999 0.050000000000000044
1 0.1368749999999999 0.603333 0.07625000000000004 0.040000000000000036
1 0.835 0.279167 0.02749999999999997 0.031667
1 0.826875 0.33583299999999994 0.02375000000000005 0.028332999999999997
1 0.8225 0.385833 0.02499999999999991 0.028332999999999997
1 0.819375 0.436667 0.02375000000000005 0.02999999999999997
1 0.97375 0.474167 0.04499999999999993 0.018332999999999988
1 0.9668749999999999 0.5225 0.04375000000000007 0.025000000000000022
1 0.96625 0.5708330000000001 0.03749999999999998 0.028333000000000053
1 0.95875 0.618333 0.04249999999999998 0.026666999999999996
1 0.95375 0.6658330000000001 0.040000000000000036 0.025000000000000022
1 0.9137500000000001 0.735833 0.03500000000000003 0.03833299999999995
