2 0.5619370626022107 0.7201705536927522 0.011414937020998384 0.018921590767100094
2 0.5391546091168296 0.7257141888316905 0.01263072813142585 0.0193088362552577
1 0.49428841159244596 0.7442878832504349 0.01968897915018103 0.013913632180918789
1 0.49507863197186874 0.7594582448078019 0.016041605818898352 0.01275189571644586
1 0.4957236933800556 0.7738184031691797 0.016967078986854123 0.011518734812625664
1 0.49880033700909754 0.7874040705542427 0.018473188039753452 0.013526386692761072
0 0.5506302929599449 0.6929277944832795 0.019979471353122502 0.015535011205784932
0 0.5345447710250877 0.7143307687037306 0.02090477026060844 0.014300877669076395
0 0.5544330799661057 0.7105664231140634 0.02119526246354997 0.015922256693942427
4 0.2517499191995308 0.22264970241748874 0.3010700253451278 0.215121492272563
