2 0.8073327000904568 0.19600970012728422 0.14494700715288622 0.11809827456513616
2 0.8132072253406686 0.27467125975318263 0.14028917376364414 0.11154346710564372
2 0.32238054151946655 0.42006310405612846 0.0666006255506939 0.05571244575471407
2 0.3291055057170673 0.4731197070094868 0.06856784909138758 0.061296734056212054
0 0.31044657644429485 0.5305685553614259 0.10400864285484052 0.06189296294536312
0 0.31787935337030726 0.5892094466162824 0.11135708609263201 0.06941828956285012
0 0.23224199074554447 0.5383203940879533 0.06877019424817418 0.04186946287016635
0 0.23779855010971007 0.5929303656314253 0.07244412075402729 0.045631288451891905
1 0.3313668888499667 0.6202188664737405 0.053870372389720755 0.046244405367202424
1 0.24204585121028852 0.6264394463484861 0.0528870557324162 0.04345309894347138
2 0.3430124806396411 0.6797822648057182 0.08300480521751974 0.06894231172395093
2 0.3462324427019915 0.7375006489834537 0.08129751202627572 0.07076309898968758
2 0.3580549345825045 0.7984597005272972 0.09133715533869996 0.07926062021920433
2 0.3664792162511132 0.8541515699801745 0.0886465454901515 0.07829010106121037
2 0.37175229596614906 0.9172965270811595 0.08424864245035835 0.07914036916895262
2 0.25270015062242146 0.688953541936479 0.0666006255506939 0.055712445754714124
2 0.26183203265438637 0.7502280242368184 0.05852879600504787 0.05280088828073104
2 0.27043321441383406 0.8073155469015616 0.05485427927311021 0.049037387244969644
