1 0.7347972310573824 0.5698634663307026 0.1084955158768921 0.0683900796018051
1 0.7349738996040912 0.6455965595043589 0.10222916794904968 0.06785316156225896
1 0.7359117780734421 0.7117959012763648 0.09963285833287039 0.07385042383553586
1 0.7449511041641723 0.7804578960976525 0.09282964605728594 0.06704778450294013
1 0.746650192556165 0.8371234864680082 0.09909599398512836 0.06758470254248594
1 0.7448575855912534 0.9082910482056692 0.0962311716573726 0.07044816421704869
1 0.7468250256194106 0.9665664680908046 0.08996482372953007 0.0668670638183908
1 0.9453892523978809 0.6149422531792053 0.08548940835854724 0.05397754397291643
1 0.9463712980039085 0.7000748682446254 0.07868619608296346 0.04717490464032059
1 0.9456525808098932 0.7837757524727641 0.07796915329699872 0.07510501129583913
1 0.9493651118501829 0.8639401475725295 0.08289309874236828 0.059974806246193
3 0.9729878146286381 0.48397890847670777 0.054024370742723704 0.037326172347572684
