3 0.56 0.209375 0.16000000000000003 0.03125
0 0.555833 0.355 0.13500000000000006 0.03250000000000003
0 0.553333 0.416875 0.13333299999999998 0.03125
0 0.554167 0.386875 0.05833299999999997 0.036250000000000004
0 0.56 0.3243750000000001 0.050000000000000044 0.03875000000000001
2 0.586667 0.468125 0.06000000000000005 0.06125000000000003
1 0.526667 0.5231250000000001 0.06666700000000003 0.04874999999999996
1 0.596667 0.509375 0.07666700000000004 0.02124999999999999
1 0.6 0.5575000000000001 0.07666700000000004 0.025000000000000022
1 0.5316669999999999 0.5725 0.06333299999999997 0.050000000000000044
1 0.5308330000000001 0.6174999999999999 0.05500000000000005 0.04749999999999999
1 0.600833 0.6031250000000001 0.07833299999999999 0.02375000000000005
1 0.545 0.6643750000000002 0.06666700000000003 0.04625000000000001
1 0.615833 0.6543749999999999 0.07833299999999999 0.028749999999999942
1 0.5433329999999998 0.709375 0.06333299999999997 0.05125000000000002
1 0.6125 0.701875 0.07499999999999996 0.026249999999999996
1 0.5516669999999999 0.75875 0.05999999999999994 0.04749999999999999
1 0.6166669999999999 0.7462500000000001 0.08333299999999999 0.025000000000000022
1 0.556667 0.8043750000000001 0.06333299999999997 0.04625000000000001
1 0.621667 0.79375 0.07333299999999998 0.022500000000000075
1 0.556667 0.8475 0.06333299999999997 0.04500000000000015
1 0.629167 0.84125 0.07166700000000004 0.025000000000000022
1 0.4 0.6712500000000001 0.05333300000000002 0.04500000000000004
1 0.464167 0.659375 0.07499999999999996 0.026249999999999996
1 0.400833 0.713125 0.06166699999999997 0.04875000000000007
1 0.468333 0.701875 0.08000000000000007 0.02124999999999999
1 0.4099999999999999 0.75625 0.05666699999999997 0.04249999999999998
1 0.475 0.741875 0.07000000000000012 0.02124999999999999
1 0.410833 0.79375 0.051667000000000074 0.03749999999999998
1 0.474167 0.7825 0.07833300000000004 0.025000000000000022
1 0.411667 0.8300000000000001 0.05333300000000002 0.039999999999999925
1 0.478333 0.8231250000000001 0.07333300000000004 0.026249999999999996
1 0.416667 0.478125 0.09333300000000005 0.02124999999999999
1 0.416667 0.544375 0.08333299999999993 0.02375000000000005
1 0.430833 0.601875 0.098333 0.028750000000000053
2 0.45500000000000007 0.439375 0.05333300000000002 0.04625000000000001
2 0.398333 0.368125 0.10999999999999999 0.036250000000000004
2 0.3925 0.29937499999999995 0.11499999999999999 0.03375
2 0.32666699999999993 0.6168750000000001 0.02999999999999997 0.03375000000000006
2 0.3275 0.6643750000000002 0.028332999999999997 0.028750000000000164
2 0.33666699999999994 0.7081250000000001 0.02999999999999997 0.03375000000000006
2 0.325833 0.746875 0.031667 0.03125
2 0.33166699999999993 0.79 0.02999999999999997 0.030000000000000027
2 0.33666699999999994 0.825625 0.02999999999999997 0.026249999999999996
2 0.338333 0.565625 0.046667000000000014 0.043749999999999956
1 0.275833 0.400625 0.125 0.028749999999999998
