2 0.6783917029254194 0.31154307824534955 0.07303775373142962 0.06894207904044769
2 0.6785888796428998 0.36094211876833787 0.07106662513468176 0.06533790499113057
2 0.45236507529455994 0.3972279174462811 0.031435845969978005 0.024665338378210833
2 0.45132890354521804 0.4347036794228909 0.030398027077780443 0.025843281098107462
2 0.4523236317126655 0.4713351988924431 0.0303980270777805 0.025843281098107518
2 0.44993866227756996 0.5088420178223546 0.02936039484752384 0.027022180241357774
2 0.4502512882139822 0.5462867228456625 0.030398027077780387 0.025843281098107407
2 0.4505870150781927 0.5813394130610097 0.0344444201350419 0.027089656860923683
2 0.4482097397945791 0.6180495313371701 0.02168309671420432 0.02016277053411708
2 0.4458247795961602 0.6555553938437279 0.026040655226962972 0.023003504027789168
2 0.44752469244908777 0.6889836257982712 0.021994262169701462 0.02175712826497289
2 0.44849631968873693 0.7280071600757841 0.02168309671420432 0.02016277053411697
2 0.39248864443813514 0.5930367526685201 0.03122701425662472 0.03658641377978522
2 0.39481677275169647 0.6312315729156261 0.03662220499963992 0.03824824813020711
2 0.39513710207626684 0.6678786208618293 0.029256072321817428 0.03298319615382195
2 0.39677543400731113 0.7076833273164422 0.027907274636063795 0.03256773756621667
2 0.3957623631857677 0.7427670744850912 0.029256072321817483 0.03298319615382184
1 0.3962455032501061 0.5531078184006997 0.02676712200172232 0.020230247153682934
1 0.34699899018045305 0.5558357549270718 0.03413344134148555 0.0254962555534215
0 0.39239924126145775 0.5324781644528944 0.05353443066538566 0.040461450730719606
0 0.3492069202380569 0.5366607024202643 0.038179834398746726 0.026742631316237886
0 0.3907301142511337 0.4958621734599933 0.05965608818316043 0.039350028207034926
0 0.347530099076251 0.500841412081114 0.03921746662900355 0.025563732172987463
2 0.40255666748650537 0.4581379558569689 0.03226464648688132 0.03540751463653491
2 0.4041979537686826 0.4278207969808828 0.03434009760933554 0.033050672773387746
