2 0.2594079187945467 0.28171032055249334 0.059454685203953306 0.05552872738412912
2 0.25599157795454736 0.3282217144316509 0.057842550165441486 0.05198277650627625
2 0.4806243376868588 0.42610066579774153 0.027161775778302366 0.02643896252533956
2 0.4770482780393679 0.4574066445653141 0.027538161504928993 0.02973396449054988
0 0.4851177686548815 0.49192014134442974 0.04513338040313364 0.025260198967434866
0 0.48116532328076383 0.5265211220772128 0.047981264753530595 0.029057098757930166
0 0.5210485668994538 0.4983741564696188 0.029739753607067043 0.01730581476818588
0 0.5179963137080013 0.5306291130349527 0.031163639318760095 0.019203770363708794
1 0.47467572867528846 0.544591286531686 0.021842279877124615 0.022139176310110087
1 0.5157377734942199 0.5504011020251146 0.021654143477316645 0.02049216962722955
2 0.46877559113343914 0.5796393472369457 0.033905157391173335 0.03263670433609189
2 0.4667708379270532 0.6137932479972523 0.03285754447909622 0.034032762106330106
2 0.46077663218529996 0.6496648120439523 0.03694129106838895 0.0380815994089172
2 0.45639444855504774 0.6824933116375338 0.03570554175650398 0.037830650496274765
2 0.4533954349660925 0.7198167399067293 0.033422179532541674 0.03897575935387043
2 0.5102672612814945 0.5872226324690255 0.027161775778302477 0.026438962525339615
2 0.5055088048516263 0.6233451454283678 0.02345452784264712 0.02568611578741231
2 0.5010325530214701 0.6569971483633897 0.022030529203943328 0.023787171592440037
