2 0.7367498233215548 0.03356890459363958 0.1378091872791517 0.06713780918727916
2 0.7314494699646642 0.17137809187279152 0.13427491166077732 0.1943462897526502
2 0.7279151943462897 0.3586572438162543 0.12720848056537104 0.1802120141342754
2 0.7137802120141343 0.5424028268551239 0.14840989399293292 0.1872791519434629
2 0.7014134275618378 0.7226148409893994 0.13074275618374565 0.15901060070671358
2 0.6978791519434628 0.8922261484098941 0.12367420494699644 0.16607773851590102
1 0.954063074204947 0.872791519434629 0.09187385159010597 0.09893992932862195
2 0.3162537102473497 0.6501766784452294 0.1943469964664311 0.10600706713780916
2 0.31272155477031793 0.8215547703180213 0.20141342756183728 0.10954063604240283
2 0.2968204946996468 0.9646643109540638 0.19081272084805664 0.0706713780918724
1 0.34452367491166075 0.46819787985865735 0.2579512367491166 0.08127208480565384
0 0.3462897526501767 0.37632508833922274 0.26148339222614847 0.0812720848056539
0 0.3568904593639577 0.20318021201413428 0.28975335689045933 0.08127208480565373
2 0.43286148409894 0.045936395759717315 0.10954134275618377 0.09187279151943463
1 0.954063074204947 0.5494699646643108 0.09187385159010597 0.07420494699646651
1 0.9558302120141344 0.4204946996466431 0.08833957597173114 0.07773851590106007
1 0.9628971731448763 0.2950530035335689 0.07420565371024745 0.060070671378091856
1 0.975264487632509 0.16607773851590107 0.049471024734982216 0.07773851590106012
2 0.09717314487632508 0.030035335689045935 0.1731455830388693 0.06007067137809187
2 0.10423957597173153 0.18197879858657245 0.1590106007067138 0.07420494699646643
2 0.10600777385159008 0.333922261484099 0.14134346289752642 0.07420494699646646
2 0.10423957597173147 0.47879858657243773 0.14487561837455837 0.0742049469964664
2 0.1201406360424028 0.6201413427561838 0.12720848056537104 0.06713780918727941
2 0.1254409893992932 0.7508833922261486 0.15194416961130733 0.06713780918727952
2 0.1201406360424028 0.8939929328621907 0.14840989399293286 0.07773851590105985
