1 0.701875 0.120833 0.03374999999999995 0.031667
1 0.6956249999999999 0.18083299999999997 0.03375000000000006 0.024999999999999994
1 0.6937500000000001 0.240833 0.03500000000000003 0.028332999999999997
1 0.6912499999999999 0.300833 0.03500000000000003 0.028332999999999997
1 0.59375 0.120833 0.03249999999999997 0.028332999999999997
1 0.5318750000000001 0.128333 0.028749999999999942 0.02999999999999997
1 0.590625 0.184167 0.03375000000000006 0.028332999999999997
1 0.5325 0.181667 0.030000000000000027 0.023332999999999993
2 0.6043749999999999 0.270833 0.053750000000000075 0.04833299999999999
0 0.573125 0.358333 0.06374999999999997 0.030000000000000027
0 0.5725 0.42833299999999996 0.07750000000000012 0.04999999999999999
0 0.5700000000000001 0.5025 0.07750000000000001 0.05166699999999996
2 0.58875 0.558333 0.0774999999999999 0.07666700000000004
2 0.588125 0.6225 0.06875000000000009 0.06833299999999998
2 0.579375 0.691667 0.053749999999999964 0.06999999999999995
2 0.5862499999999999 0.756667 0.06500000000000006 0.07333299999999998
2 0.586875 0.8225000000000001 0.06874999999999998 0.08166700000000016
1 0.47875 0.455833 0.04249999999999998 0.03500000000000003
1 0.47875 0.523333 0.050000000000000044 0.026666999999999996
1 0.48375 0.589167 0.04249999999999998 0.03500000000000003
1 0.48625 0.651667 0.04500000000000004 0.036667000000000005
1 0.486875 0.7125000000000001 0.04625000000000001 0.031667
1 0.48562500000000003 0.7725 0.04625000000000001 0.031667
1 0.4875 0.828333 0.04749999999999999 0.033332999999999946
1 0.48437500000000006 0.8833330000000001 0.04625000000000001 0.03333300000000017
3 0.44562500000000005 0.4 0.07375000000000004 0.03999999999999998
1 0.47062499999999996 0.310833 0.05125000000000007 0.034999999999999976
2 0.47124999999999995 0.21000000000000002 0.0625 0.04000000000000001
2 0.35375000000000006 0.236667 0.02749999999999997 0.06666699999999998
1 0.370625 0.309167 0.04125000000000001 0.03500000000000003
3 0.365 0.3925 0.06 0.031667
1 0.353125 0.4525 0.036250000000000004 0.025000000000000022
1 0.3562499999999999 0.516667 0.03500000000000003 0.026666999999999996
1 0.36250000000000004 0.5825 0.030000000000000082 0.025000000000000022
1 0.36874999999999997 0.641667 0.03500000000000003 0.030000000000000027
1 0.36562499999999987 0.7 0.03375000000000011 0.026666999999999996
1 0.37124999999999997 0.7625 0.030000000000000027 0.025000000000000022
