2 0.40827727532421976 0.22331188580139139 0.06107499028983049 0.06294427341106043
2 0.4276136384279717 0.2932995927124936 0.07523958874236258 0.08373090762121577
2 0.4419632264861859 0.3681722705277104 0.07642358334285904 0.08245546983652424
2 0.4549689786250617 0.4370299410033649 0.07388849661796476 0.08346971390826258
3 0.37152870261687354 0.31669061211053995 0.05333165741148477 0.04039034477038134
0 0.5466403613966553 0.3032303391437608 0.12459083254665038 0.0631903632407329
1 0.5445626290592409 0.34755277169718013 0.05703622632675609 0.050130677593076156
1 0.557136175097477 0.42512172643102386 0.05366585245928768 0.043463607765670764
1 0.5739373512378682 0.4971675304711374 0.055016944583685445 0.04372480147862379
1 0.7192559970482983 0.4761332622327436 0.05654964664210416 0.03349261201009679
1 0.8758301986031374 0.43174667972204417 0.03863674156700958 0.03905384542554152
1 0.8786192611663118 0.5017954481932945 0.042355923130867 0.036765085363651306
1 0.8837836693740051 0.5619732869853736 0.03491756000315249 0.04134260548743196
1 0.37121249988931776 0.37086916985036356 0.029861898963483013 0.03134107895178384
1 0.3785851562176289 0.4196394474656264 0.03154718613568391 0.03467553566002629
1 0.39001118915760036 0.46762706573656965 0.03256408321227888 0.03186346637769011
1 0.39670829942371255 0.5165279402083092 0.0406706359586661 0.033430628655408745
