2 0.5059619558056325 0.2748769300822957 0.14832453754328612 0.07247798668001415
2 0.4664307839531938 0.3412409560436348 0.18181522418401008 0.09665069740852544
2 0.44381007816234386 0.40533059689275824 0.17205858115180406 0.09500617523858257
0 0.3966597145105639 0.4800192146118192 0.20536544303487753 0.06703869401157819
0 0.37115256896817794 0.542341155842675 0.2021135539122434 0.06649057477233622
2 0.38129165107585533 0.5940160960495369 0.16210112365757456 0.08753789301924042
2 0.3492978414003717 0.6494793807983463 0.16352576592471674 0.08198811036335352
2 0.33086073793637616 0.7053059363878019 0.16279486718252006 0.07954894960530212
2 0.31577641865817807 0.7584946715721789 0.15283740968829057 0.07208066738595997
2 0.2967093115151491 0.8135744482753655 0.1497863350276796 0.07735630819611716
1 0.06023819767597466 0.7903715916665579 0.0967813866582401 0.04989438867550344
1 0.07341344047629472 0.7407046089225021 0.09674520710529189 0.03946644895573037
1 0.09110057975731603 0.6930793031902263 0.09637975773419355 0.03824686857670467
1 0.10598310890918766 0.6462624472944907 0.09007581828664502 0.04297422569540299
1 0.11572276223702108 0.5966569710484887 0.09511877471182312 0.03919230711000088
1 0.12755519239258475 0.5429201166248698 0.09531958917384648 0.04501606715940021
1 0.1494078442239865 0.4927939791842716 0.10036254559902447 0.041234148573997986
3 0.10983517377491903 0.43103317355796567 0.15711231215402055 0.05543148387051611
1 0.21268363027353418 0.3785444813455757 0.11161814133287568 0.058185096432033845
0 0.1722420108018551 0.33393311877211573 0.17174727670232975 0.05789826712543045
0 0.22499102412334412 0.2890146896870756 0.23679091314083506 0.06886163862357142
