3 0.344216901127851 0.018273316911240685 0.19967219896811617 0.03654663382248137
3 0.320667476454671 0.1002139908616727 0.19334568148523873 0.08080177045340922
3 0.14944053008697303 0.009313032323097038 0.19610721937148262 0.018626064646194075
3 0.020396058290083303 0.0432746407891971 0.040792116580166606 0.07556326748971562
3 0.13775956652133486 0.0652400506838164 0.19463850036769115 0.07243579456541906
3 0.11908680817941672 0.16039111461050778 0.16198971664862644 0.06986343296630249
3 0.30598028641675695 0.18846941425409158 0.1611865686820375 0.08117184467019581
3 0.2877971989907032 0.2806780423648797 0.1532154320740298 0.06554229779664406
3 0.10602536941445691 0.24740422076636703 0.15419477390575806 0.07142716942845065
3 0.09848671267818496 0.3353382249331973 0.15094356510364992 0.06802516716129586
3 0.2874073692998734 0.3682888621976536 0.14867169813326972 0.07050803652594717
3 0.08729542002841058 0.41964044360724684 0.13486400870204915 0.06821020426968888
2 0.061761467151788256 0.6753961343368683 0.10047076463281963 0.11969350160845238
2 0.04783244671662671 0.7933004037885418 0.09566489343325342 0.12603617458304284
2 0.2722847559475654 0.7149657390272411 0.10630761119983306 0.10636355209962689
2 0.25198654007649385 0.8113573550820246 0.10354607331358912 0.10590398564837511
0 0.06666194358390701 0.5792364452732085 0.13332388716781401 0.08034220400215775
0 0.22661953959950354 0.6227145085647183 0.19708656120321058 0.08714620853646726
0 0.2358907655215754 0.4987889853640428 0.18652978683029744 0.08824861343889606
2 0.48725517464552753 0.3441050225911314 0.18670568695163603 0.10544013166612837
2 0.46644842000641595 0.46913295069423566 0.17712825441045127 0.1124274082003634
2 0.4414993585379384 0.5934715291204622 0.19499030061036865 0.10681883101988332
2 0.41679498565549267 0.7163397721929708 0.18572663886370938 0.09955702514278975
