3 0.4393530997304582 0.08086307277628027 0.0862533692722372 0.02156280323450134
3 0.33827493261455527 0.0754711590296495 0.09973045822102455 0.021562803234501327
3 0.4366576819407008 0.12803180592991917 0.09164420485175206 0.018868463611859787
3 0.3315363881401616 0.123988679245283 0.09164420485175201 0.02156280323450134
3 0.22506738544474392 0.12129433962264144 0.08894878706199458 0.021562803234501313
3 0.23719676549865215 0.1576824797843666 0.10242587601078168 0.024258760107816718
3 0.353099730458221 0.1603768194070081 0.09703504043126687 0.024258760107816774
3 0.23450134770889489 0.2075471698113208 0.0862533692722372 0.026954716981132
3 0.34770889487870615 0.21024312668463607 0.0862533692722372 0.021562803234501354
3 0.45552560646900275 0.21832938005390834 0.08625336927223726 0.026954716981132
3 0.5673854447439353 0.26819407008086255 0.0835579514824798 0.02425876010781669
3 0.4582210242587601 0.26549811320754724 0.09164420485175201 0.02964905660377365
3 0.34770889487870615 0.2587606469002695 0.09164420485175201 0.026954716981132026
3 0.2358490566037736 0.25471752021563343 0.0889487870619946 0.02425876010781669
3 0.2371967654986523 0.3045822102425876 0.09164420485175201 0.03234501347708896
3 0.3463611859838275 0.3086253369272237 0.09433962264150941 0.02425876010781669
3 0.4568733153638814 0.316711590296496 0.08894878706199455 0.024258760107816746
3 0.5673854447439353 0.316711590296496 0.0835579514824798 0.024258760107816746
3 0.5592991913746631 0.36522911051212936 0.0835579514824798 0.024258760107816746
3 0.44339622641509424 0.3625331536388141 0.09433962264150919 0.029649056603773538
3 0.33557951482479786 0.358490026954178 0.0889487870619946 0.02695471698113211
3 0.22506738544474375 0.35579568733153644 0.08355795148247977 0.0323450134770889
3 0.44474393530997297 0.41239946091644203 0.08625336927223703 0.02156280323450155
3 0.5552560646900269 0.4097035040431267 0.09703504043126687 0.02695471698113211
3 0.5512129380053908 0.46226415094339635 0.09433962264150941 0.02964905660377365
3 0.5512129380053907 0.5080857142857145 0.0781671159029651 0.024258760107816635
1 0.4582210242587602 0.5148247978436657 0.07547169811320753 0.03234501347708896
1 0.5741239892183287 0.5835579514824798 0.09703504043126687 0.02425876010781669
1 0.5714285714285716 0.6347714285714285 0.11859838274932633 0.029649056603773705
1 0.568733153638814 0.6886792452830189 0.12398921832884102 0.029649056603773483
1 0.5754716981132076 0.7439358490566037 0.12668463611859826 0.026954716981132165
2 0.4218328840970349 0.5916442048517521 0.04582210242587603 0.04582156334231813
2 0.3261455525606468 0.5417795148247977 0.05390835579514808 0.06469002695417803
2 0.20080862533692723 0.5390835579514826 0.05660377358490598 0.053907816711590395
2 0.19811320754716988 0.5956873315363881 0.05660377358490579 0.053907816711590284
0 0.34905660377358483 0.49191320754716994 0.09973045822102411 0.02964905660377365
0 0.24123989218328842 0.49460916442048514 0.10512129380053908 0.03504097035040432
0 0.24932614555256066 0.4299191374663074 0.09973045822102425 0.029649056603773483
2 0.12533692722371953 0.3180587601078167 0.09973045822102425 0.043127223719676366
2 0.12398921832884097 0.3867919137466306 0.10781671159029649 0.04043126684636095
2 0.11994609164420492 0.45552506738544474 0.11051212938005404 0.04312722371967653
2 0.12264150943396226 0.5215638814016174 0.09433962264150943 0.040431266846361336
