2 0.5988950388544456 0.9060500813468593 0.16035482044671512 0.18789983730628157
1 0.0503365421217518 0.9665518550156095 0.1006730842435036 0.06689628996878105
0 0.49111441508136366 0.70279790515676 0.30596904112885365 0.17138780859678993
0 0.8851297659528377 0.6754375145881479 0.22974046809432458 0.17650131562667892
3 0.35438004507861237 0.050476282024958165 0.2611345460956458 0.10095256404991633
3 0.6364670320693215 0.11194573631261383 0.2870863883975173 0.12868957886658852
3 0.36907011962195296 0.22664049280512136 0.25359117683001464 0.1184627054137894
3 0.6275078713398873 0.3062507364848208 0.24191924984059288 0.13028791141824708
3 0.9208506880020885 0.3783709685405745 0.15829862399582306 0.14422222210964375
3 0.3763353698234366 0.3904450512363289 0.20405839070175186 0.11565056583120475
