3 0.5388815641985698 0.17800584400600616 0.06301059932015518 0.03429835162176398
3 0.5361696476423727 0.21617702006927206 0.06615568385257775 0.028255903288760986
3 0.530353798513861 0.2538651914874744 0.061189391736874155 0.02748309585665934
3 0.4673233478453996 0.24070136640384956 0.06089961793011478 0.024172565532331325
3 0.40592648622198185 0.26638492388657964 0.06118939173687432 0.027483095856659256
3 0.5839472854990506 0.2957651523046041 0.05220860672763361 0.022820152526153326
3 0.5814527210331322 0.3314531823100182 0.0588511760528202 0.028752453931984112
3 0.5754507895707148 0.36407846068350425 0.05980297527498679 0.025635125465681474
3 0.5179761477760471 0.35933008306356184 0.052498380534392985 0.026130682850481313
3 0.5223330717853543 0.3239318558451859 0.05512645696604257 0.02817284835790773
3 0.5295041545602168 0.2923271635962016 0.05373995356331884 0.026323884708506717
1 0.5754492533663833 0.4144175883436292 0.04395229970570946 0.026434031635678867
1 0.5762858557667934 0.46237017087491505 0.046290515389763365 0.025164673560354178
1 0.5701389939305782 0.4966512110397766 0.04753208841868939 0.02535787541837964
1 0.5668062039190822 0.5347267794324531 0.05249838053439293 0.026130682850481368
2 0.45168695195773806 0.33307432118758906 0.026695356326238318 0.05314055460149364
2 0.44686405401150076 0.38098487962423677 0.03013030160625657 0.05040962985124192
2 0.500240275847248 0.42536699324079513 0.025391243784566586 0.03824167825438285
2 0.4958108431806238 0.4615935979840705 0.028164163649177953 0.0419386122947617
2 0.49262298354292555 0.49801340458537124 0.027584616035659038 0.03531755164610567
2 0.48848341162389675 0.5309284857458954 0.024521835423452154 0.028309094022975656
2 0.4407270743790207 0.42953061372775836 0.03677287093144338 0.05634193125707265
2 0.4351384595445226 0.4790003330267689 0.04144930229955135 0.05380321510642311
2 0.4336681160172516 0.5173647109480604 0.03379248118028855 0.03628356093623275
2 0.3776257381984098 0.3668550452504848 0.03700010522545705 0.044946787092315366
2 0.3752448343499164 0.40843335256709146 0.03948325128330871 0.04533319080836612
2 0.37246040913640244 0.44743290615525677 0.03809674788058515 0.043484227158965105
2 0.37029677043735154 0.48652906067243473 0.03546875838977165 0.04144305490996181
2 0.36926113109063763 0.5199271464780224 0.03145417855539845 0.037551925753134374
0 0.4750297538650101 0.2964352139903672 0.05885117605282025 0.028752453931984057
0 0.405137932517588 0.3400929521918724 0.06272082551339575 0.03098782129743588
