2 0.2129623175651053 0.4597696529545595 0.228307789373158 0.11879593061365529
2 0.22407277547605167 0.8093908450210981 0.19184830141756432 0.12308848814704176
2 0.4773507077126986 0.880542096608187 0.06762292481548243 0.04555201443455381
2 0.4765904404837695 0.8320080409649608 0.07503736085510926 0.0669763839924663
2 0.4839805472672958 0.7752024114393655 0.08019907927111852 0.059233411594650676
2 0.48521850895248453 0.7173553786117515 0.07146514062157716 0.06323467621127532
2 0.49072987774511123 0.6568650648670671 0.07378455741344309 0.06920490542846025
2 0.6083481445989117 0.7919890145717354 0.037087021954612 0.04795785003668074
2 0.6162118125959287 0.737582840421289 0.04343484464403935 0.06118346894141469
2 0.6236616648410642 0.6742783801939554 0.059278472661721926 0.0762640736960799
2 0.6349875496480182 0.605345558627747 0.05992178276041693 0.06935055188684103
2 0.6485731057852291 0.5371692960473493 0.06471205533669244 0.08246219204094624
2 0.715697096588835 0.7643726050952209 0.039592628837944566 0.04350080716469307
2 0.7181445574603433 0.7213940875616789 0.05220260004930444 0.045583682142306015
2 0.7179340381127761 0.6746738622469461 0.05326921339950419 0.05378243279548489
2 0.7349125780986916 0.6227082989930868 0.04517858484865778 0.05087017560287066
1 0.8651560363560289 0.5701632574924118 0.06564207145082568 0.030325763221507596
1 0.8744978688987566 0.6252372993588144 0.06530350802361617 0.03958178521736899
1 0.860066371365122 0.6697036473832036 0.07263226989574878 0.036637791943426756
1 0.8541835567327616 0.7088835703206038 0.0653035080236164 0.03958178521736888
0 0.5475798645345713 0.5823956124449707 0.13964570136826004 0.07750480600473575
0 0.7035019846716417 0.4714272641365607 0.1177589973326355 0.05154108253195899
0 0.5403390413863038 0.44470728347868715 0.12414063677778658 0.05316817925420908
3 0.8017165337659207 0.24213432970980858 0.0984964567603629 0.03389008846298977
3 0.6906360345000833 0.24405606036266625 0.11950180319405501 0.041227720819839386
3 0.7924476889914945 0.2952552750163152 0.09990069919457256 0.03283274874673148
3 0.683245927716557 0.30086168988826156 0.11000599786579934 0.03937273496990795
3 0.7766283902299125 0.3443496682254228 0.09724365331869655 0.03611860989898369
3 0.6753813253763408 0.35526779566513234 0.09302905732966871 0.03929049230060727
3 0.5411119950144261 0.36022221086178646 0.10282960932940977 0.04348797833716134
3 0.7644565640265346 0.3895725752356226 0.07855678933367138 0.034751138385743174
