1 0.403336234331065 0.44182602388375025 0.05711777577084082 0.04184654692893408
1 0.39842857989965735 0.4978250467397819 0.05572206290923165 0.03994424783047262
1 0.39659952025823947 0.5521986571637338 0.05065436811186641 0.037356882046023165
1 0.386165271909297 0.609786075065856 0.050826086994889885 0.03903082558248849
1 0.3812576174778893 0.6657850979218877 0.05432635004762265 0.03804194873201139
1 0.3751352739896594 0.7209286403166921 0.0506543681118663 0.037356882046023165
1 0.36963423241248505 0.7752452184137277 0.05293074019674138 0.03614065379883857
1 0.3641518118492111 0.8278878529742979 0.04820638015469553 0.03690017092203102
1 0.4765825868027755 0.6254178779445728 0.05065436811186641 0.037356882046023276
1 0.4753841451645506 0.6781270502198788 0.049258758260985025 0.035455587112850684
1 0.4674816625797692 0.7282212500071179 0.052050080973475354 0.03925918114448457
1 0.4669138277743632 0.7792669882990668 0.04977381189932806 0.04047641355695786
1 0.46451931809321634 0.8294467365766804 0.04610182996357176 0.039791346870969524
1 0.5048299046342964 0.5622488201595179 0.0616703139191353 0.0394120821039875
1 0.513567791693678 0.4920808199836695 0.061476427217235785 0.04922537943020583
1 0.5156109427282661 0.4184613776341657 0.05413246334572319 0.04785524605822977
2 0.41430801795444716 0.39094187718473117 0.04236324156046051 0.07356699860774368
2 0.49904286183347624 0.36714948848327333 0.038885146326603615 0.06306863459553752
2 0.5287189601149898 0.2855900792338939 0.0572893916431364 0.04351948630011049
2 0.5344620301913718 0.20951625182396416 0.05046048140996706 0.04717017937224152
0 0.43877165010755836 0.3377574399609743 0.08176927121484506 0.04808659754003125
0 0.4371521352985274 0.26324349143367703 0.08683696601221025 0.050673963324480625
3 0.4463485158455899 0.09683381374638433 0.09890518691504119 0.05128357540797583
2 0.570618394185612 0.5908899474866034 0.029287081199819487 0.05142849277335082
2 0.5687427987650043 0.6494469105037854 0.02404766751943077 0.04716718345243598
2 0.5632603782017305 0.7020895450643558 0.026324039604305516 0.0459509552052515
2 0.5688218293813889 0.7523928633836219 0.02387605164713469 0.04549424408125935
2 0.5621805716326196 0.7991591910388578 0.023189279125768292 0.03879947410068685
2 0.5597953668732357 0.8485024696308834 0.022137004030206464 0.040245062075156324
2 0.5688964805556904 0.5255811821619323 0.03242173866762943 0.058578969712626494
1 0.6206185337344847 0.33304930047717723 0.058341769749426065 0.042074902490930044
