0 0.68041202437832 0.022111517926652873 0.198866280928926 0.044223035853305746
0 0.6828698872019238 0.10953048404401391 0.19923864170619177 0.1010335142445648
2 0.7346889340833944 0.1935781120962866 0.2048229365062325 0.1395533486187837
2 0.7405401053021257 0.2925121835363178 0.18176968116424141 0.12429338629985243
2 0.7272871751436023 0.4000080001805475 0.14581345652302247 0.12271504828688229
2 0.7513982478779324 0.49943375712098464 0.17380439376962853 0.13096064303243515
2 0.7604680188275827 0.6008028244268904 0.1847481206387912 0.1448383251616857
1 0.4565147186637879 0.047259790082486375 0.11074900473910049 0.06567714973619437
1 0.4642621309435243 0.15126334289287652 0.1270519403055938 0.054911138827101
1 0.4839278540833779 0.2521720703532735 0.11074900473910043 0.06567714973619404
1 0.49715614820843723 0.34820772449517223 0.11717612975278141 0.06893679238710754
1 0.5056520367669957 0.4418728249262339 0.11908665291098036 0.06157839555968442
1 0.5095112433418879 0.5344523933211819 0.11908665291098064 0.06157839555968425
1 0.5204606316275623 0.6202815609805761 0.12248617243466214 0.06449092736980211
1 0.5192048826340521 0.7053551113459167 0.11945879031645473 0.06414535732238213
1 0.15188026578206804 0.05538689839450905 0.09337837622804818 0.04854136574940544
1 0.16681358335542057 0.1539250721440687 0.09072335488710795 0.05076429825805823
1 0.18950657383700314 0.2547002929142671 0.07824146563701295 0.04681351551230423
1 0.21143446431478208 0.3452045850469233 0.09146785306984931 0.055899762576829215
1 0.2105612653231734 0.43541359973103455 0.0876959727689009 0.05041872821063803
1 0.2313580147437508 0.531119339130874 0.07824146563701245 0.04681351551230428
