3 0.2828314100475493 0.007183652914442491 0.12380750647086827 0.014367305828884982
3 0.40549433654469036 0.015490194134313096 0.12145639477383363 0.030980388268626192
3 0.2781913135693682 0.048961496523511075 0.1196892875477572 0.04630034368890144
3 0.39997059887031705 0.06557515326666823 0.11086902039688468 0.041215953340234396
3 0.5260220014513336 0.08871574792368442 0.12586661593242354 0.0472424065223806
3 0.5229644007169444 0.11567320160445939 0.1479329907048847 0.046868330341108905
3 0.5078904778861549 0.1799762525860324 0.1429233209295187 0.05358288064901978
3 0.3779509068679262 0.09943476964940579 0.14498243039107367 0.05389690159351278
3 0.092534195956583 0.1127157152277457 0.12998483485553494 0.047870448411366576
3 0.23256144899842368 0.14092597357594228 0.1323359465525696 0.05009919694462307
3 0.3713976144627753 0.15622234269751684 0.1441065988509449 0.04815386743405445
3 0.08760227240923087 0.17268767769324708 0.12703444970803193 0.054900168270602345
3 0.22174402413557606 0.19804229422603303 0.12821772762945854 0.04947115505563701
3 0.35985027159438365 0.21812490801610018 0.11968928754775732 0.046300343688901596
3 0.4991321624848627 0.23740659418061613 0.11879801186180994 0.053644084492630306
3 0.4878768218519506 0.2973944319104361 0.11321995692761161 0.04344355326665894
3 0.35226759962476284 0.27475432198513283 0.11380396139856969 0.04727300844418586
3 0.2181334823881727 0.25625768818184935 0.11380396139856971 0.04727300844418575
3 0.08193262120027203 0.23058905070457042 0.10733463077842392 0.0444162180219434
3 0.08170257071437322 0.2873618970951948 0.1073346307784238 0.04441621802194334
3 0.21760379517703976 0.3080872794317346 0.11203667900618511 0.0488725664816243
3 0.3488029714119453 0.33201292644998337 0.1114528497015349 0.04504425991092936
3 0.48970605599391503 0.3544801506387216 0.10968574247545826 0.04664496655519973
3 0.07867603343792798 0.34174783587348423 0.10469169201221828 0.04027389050675534
3 0.21370142636046546 0.3682162523694825 0.10997756954462956 0.0485585455371314
3 0.34254168124227313 0.38688577190933104 0.09939019516768083 0.04507486183273457
3 0.07638687349047352 0.3982066613196156 0.10410768754125994 0.03644443532922842
3 0.07526572248493535 0.4470065764106933 0.10469169201221812 0.040273890506755394
1 0.03459456569035101 0.5394874134591559 0.06918913138070203 0.04121595334023431
1 0.028156298528149375 0.5996322616612224 0.05631259705629875 0.04601692466621354
1 0.027011806137576172 0.6584904241635113 0.054023612275152344 0.052702021659151166
1 0.019989622087570345 0.7184782618933313 0.03997924417514069 0.04250149043317997
2 0.19895181298955514 0.589277738929338 0.06818048755092421 0.06462222139611806
2 0.19121524266297768 0.6400082568734977 0.06730465601079508 0.05887918723665975
2 0.3297892255833383 0.5534031606118186 0.07228326232821725 0.07833703824829141
2 0.31914096805695713 0.6301343427457875 0.07492620109442277 0.08247936576347936
2 0.48687318362227366 0.5802972799452646 0.07700092986810458 0.06970776035161719
2 0.47415037248851866 0.6429996242825672 0.07494182040654929 0.06939373940712423
0 0.30986592205743824 0.49061973630336675 0.14086421146796305 0.05326885970452677
0 0.45077664112916327 0.5199449432216077 0.14556643486203202 0.057726356771039655
0 0.4546559313101646 0.4392431707021839 0.13762182408498086 0.05838385197499901
1 0.1667810682812083 0.48936693163594525 0.11174485193701399 0.04695898749969296
2 0.6373314251511948 0.3397758118700588 0.13731437770368393 0.0695558993494228
2 0.6249238700548003 0.421135079593442 0.12995377139759057 0.07404284973090908
2 0.6094276507660723 0.5020233159000853 0.1434917060883506 0.07049796218290177
2 0.5940773450119299 0.5819547627157631 0.13673054839903376 0.06572759277872786
