3 0.3771929824561405 0.055556140350877255 0.2631578947368418 0.07602280701754392
1 0.4692982456140351 0.1856719298245615 0.15497076023391815 0.07310000000000003
1 0.44883040935672514 0.32748596491228066 0.1549707602339181 0.06432807017543862
1 0.43421052631578966 0.45175438596491235 0.16666666666666707 0.05555614035087725
1 0.43128654970760233 0.5950298245614034 0.14327485380116955 0.0672508771929824
2 0.1081871345029239 0.05994166666666671 0.2163742690058478 0.11988333333333343
2 0.10380116959064327 0.21637368421052625 0.20760233918128654 0.1812859649122806
2 0.09941520467836265 0.38888947368421056 0.1988304093567253 0.16374210526315802
2 0.04824561403508763 0.5087719298245613 0.09649122807017527 0.08187192982456137
1 0.706140350877193 0.027777192982456077 0.05555555555555558 0.049707017543859706
1 0.695906432748538 0.11549649122807007 0.05847953216374269 0.04970701754385963
1 0.6885964912280702 0.20467894736842107 0.05555555555555558 0.052631578947368446
1 0.9824561403508772 0.5233912280701755 0.0350877192982455 0.04678421052631582
1 0.9780701754385965 0.6067245614035088 0.04385964912280704 0.04385964912280704
1 0.9093567251461989 0.7295315789473683 0.08187134502923976 0.0672508771929825
