2 0.669375 0.3125 0.09125000000000016 0.05499999999999999
0 0.6981250000000001 0.41416699999999995 0.15125 0.041666999999999954
0 0.695 0.500833 0.14500000000000002 0.05166699999999996
2 0.67375 0.5616669999999999 0.10250000000000004 0.093333
2 0.671875 0.6341670000000001 0.10375000000000001 0.08166700000000005
2 0.67125 0.7191670000000001 0.10250000000000004 0.08166700000000005
2 0.6725 0.79 0.10250000000000004 0.08666699999999994
2 0.67125 0.8641669999999999 0.09000000000000008 0.08833299999999988
2 0.670625 0.926667 0.09624999999999995 0.07666700000000004
1 0.8437499999999999 0.9775 0.06999999999999984 0.04166700000000001
1 0.8418749999999999 0.910833 0.06874999999999998 0.03833299999999995
1 0.8425 0.850833 0.07499999999999996 0.03833299999999995
1 0.85 0.7949999999999999 0.07000000000000006 0.043332999999999955
1 0.8512499999999998 0.725 0.07000000000000017 0.03333300000000006
1 0.8587499999999999 0.6558330000000001 0.0675 0.03500000000000003
1 0.858125 0.585 0.07125000000000004 0.033332999999999946
3 0.905625 0.5125 0.11624999999999996 0.04833299999999996
1 0.87375 0.428333 0.08499999999999996 0.046667000000000014
0 0.911875 0.37166699999999997 0.11375000000000002 0.03999999999999998
0 0.888125 0.2975 0.18624999999999992 0.034999999999999976
2 0.771875 0.2225 0.028750000000000053 0.05166700000000002
2 0.9143750000000002 0.204167 0.03374999999999995 0.05166699999999999
2 0.84125 0.216667 0.032500000000000084 0.04333300000000001
