1 0.01698880939986017 0.047640207655250184 0.03397761879972034 0.052495598783398226
1 0.011628087530855476 0.129747084923892 0.023256175061710953 0.05249559878339821
1 0.2224824229680138 0.019447192642782305 0.07736954755356285 0.03889438528556461
1 0.3434643280833287 0.033107489153842165 0.06828228930205599 0.04370898190530553
2 0.1710583302488074 0.1244532774075533 0.12406864953644069 0.08713483748558494
0 0.21256389727390232 0.25539377631588905 0.1399116185680534 0.06641487914352817
0 0.19531176463183514 0.35025521364396683 0.1736731343298686 0.09902520260497832
0 0.18083689744326084 0.45150936273189335 0.17411479148325998 0.10127822033087258
2 0.12723167096646515 0.5193614816828324 0.18073832407760743 0.13506672851765328
2 0.11152494094931115 0.6063393842807707 0.16041768254246852 0.1202523897572193
2 0.1113123665006689 0.7033719757822618 0.12980913276530978 0.11641866176090376
2 0.07985983691219625 0.7884323386118787 0.15397983732870058 0.1254884049640228
2 0.07154970119111861 0.8771546785852001 0.14309940238223723 0.1382738284837206
1 0.38208967209398825 0.42546473341323643 0.09724853193531074 0.06454969100775393
1 0.3642061340892495 0.5166937055175441 0.11056587951623764 0.05633067832004096
1 0.33641391931974834 0.6036420961955483 0.09724853193531091 0.06454969100775387
1 0.31468005334545424 0.6870989090421314 0.10286522357712685 0.0678171663540168
1 0.29726912039087006 0.7690635473780966 0.1041280343024697 0.06156669352684463
1 0.28396015940864805 0.850663195836554 0.10412803430246986 0.06156669352684452
1 0.26528641572872097 0.9253629037249786 0.10715694375876991 0.06432558852259584
1 0.25718343713168723 0.9845282569525755 0.10456942651455708 0.03094348609484887
3 0.4654513468792272 0.3634457457794153 0.16326116955949216 0.08398811289971353
1 0.4373250232285859 0.2327883731961056 0.11536115264479835 0.06810029267904277
2 0.46274609108991394 0.0962548929511075 0.13997351436157968 0.07942305360805622
2 0.6989075222981472 0.17997592702109208 0.07458822127136955 0.10126217283557526
1 0.6447677949776711 0.27111501182527015 0.09466101469109878 0.06404246219756968
3 0.634333268909236 0.38602545158025836 0.132590723988807 0.06714621043887015
1 0.6430182045028204 0.47193654492528114 0.08166153267650933 0.0484981436821208
1 0.6195489227530291 0.557392761092667 0.07951567258568815 0.05024393259783122
1 0.5891694556806188 0.6438325714201596 0.068723946455447 0.04596199963120007
1 0.5605560873391661 0.7212630139247287 0.08039872195116637 0.054748616509292636
1 0.5515700593766539 0.8013704878725683 0.0769281553414759 0.04973670378764716
1 0.5233674002918286 0.8835592286936911 0.06872394645544677 0.045961999631199735
