1 0.3411695155660249 0.22912107349274596 0.0829968573593366 0.07279236669102962
1 0.3366657282357538 0.3232289928636818 0.08750911411569795 0.07289201473416784
1 0.3256283055466592 0.40467908310721423 0.09073867717210243 0.06654672362619712
1 0.3186963501740838 0.48499524165537655 0.08832230826421822 0.06569176548452099
1 0.31123461945497 0.5582262089937361 0.07986501708662336 0.06269941198865459
1 0.30272494481161766 0.6302245631411505 0.07656113714978618 0.06302820956391764
1 0.2959414308343258 0.6967987848881084 0.07656113714978613 0.06302820956391764
1 0.2898363259644376 0.7567152944961016 0.0771281671193319 0.0602341856067643
0 0.5422208480095303 0.31060303302507775 0.13921468909065282 0.09567887352513504
0 0.521246330021337 0.3997451190598068 0.12577602633642415 0.07894361668050104
2 0.4965998697680548 0.4358585237051952 0.10538552438027327 0.08370945954166925
2 0.5162463075280411 0.5678248724184974 0.06371662470785527 0.09442296788581839
2 0.5012265957947055 0.6530390028007031 0.0683030059790673 0.10053814291410113
2 0.48640437921408086 0.7340117899518284 0.06460413573680818 0.09323921216887932
2 0.46678648707511305 0.809839418256191 0.06872140218774753 0.08571113189153257
2 0.6410859614436668 0.5611268796459546 0.06637935016029617 0.09087266728256416
2 0.620875776212148 0.6496775710959956 0.06492480916179744 0.09485044695665645
2 0.6052401731174213 0.7217411592616849 0.055110892134976885 0.0793985938720998
2 0.5896786945375452 0.7869342623005536 0.05141202189271776 0.07209966312687821
2 0.5766451563689936 0.8426746626957414 0.04956268295437927 0.06845068102804874
1 0.817148658735706 0.3035549660718514 0.09433963226508857 0.09028293363420165
1 0.7880611212637472 0.4139670691851314 0.09007392441886586 0.08577899339369605
1 0.7594795685039046 0.5055917246935828 0.09362416090025949 0.08104493707350274
1 0.7389859644704041 0.5923174418204274 0.08114751842099799 0.06914338459220026
1 0.7124885004246183 0.6734705210296716 0.08146819184598719 0.07075461937997751
1 0.6899733254230735 0.7508595601002425 0.07752296505917178 0.06786094737968607
1 0.672969297344701 0.8233008033152007 0.07542726957627688 0.06861722402578718
