2 0.9077226871688611 0.5954612471569893 0.1704705347437917 0.11702496063335854
1 0.9352348820555829 0.7807754036019232 0.12953023588883428 0.12452031764485083
3 0.9774310260249128 0.9145422735307445 0.04513794795017445 0.15031996473252196
0 0.7154323846819595 0.927699194547454 0.17064514537300324 0.10352792530871924
2 0.603810015373514 0.8028602524770726 0.15109246338017146 0.1151739423141438
1 0.3116190753330928 0.6352388777473602 0.11938939182438257 0.11153102930291503
1 0.3569865174253617 0.7365699898690795 0.1097868710630221 0.1038567426952206
1 0.38759118416713967 0.8361636360100717 0.11157275557869228 0.10218465397220766
1 0.42619303395293184 0.9302995913381658 0.11242204517922455 0.10472286844186074
1 0.5597601204289754 0.551588695894166 0.10817559717656255 0.09203179609359413
1 0.7055577138685385 0.5152306762262384 0.08727197645277707 0.07160679393889924
1 0.5907894319710199 0.6523958570636375 0.09517591801307279 0.07420465160728662
1 0.7310968841297364 0.6124827061159873 0.08727197645277696 0.07160679393889935
