1 0.9294137019300579 0.2838834658729774 0.10830964336405757 0.05591100891604406
1 0.9496386086483258 0.36728099967087535 0.09864563079747612 0.05498017486728546
1 0.9446561560201796 0.4421321548513799 0.08921423365967873 0.05646437755891598
1 0.9600205256148044 0.5213224630544505 0.07995894877039122 0.05521288337947533
1 0.9674842905909548 0.6051854138767274 0.06503141881809049 0.06487592954480004
1 0.9772475764629738 0.6790333565616251 0.045504847074052335 0.05981169794994823
1 0.9820626181498634 0.7558810064711556 0.035874763700273204 0.06510863805698963
1 0.7953672745034078 0.5503911665537755 0.1049627596319509 0.04601380463664462
1 0.8025811452978806 0.6252862975435263 0.09576411754804626 0.049914493670548565
1 0.8204344148009732 0.6967192034880352 0.10784413325627329 0.05107803623149665
1 0.819353227490764 0.7614418954788356 0.10807688831016515 0.05349452257377041
1 0.835998495423034 0.8329911556794392 0.09451175005075385 0.0617627672678428
1 0.7392958889803201 0.4619123783874963 0.1563969511430735 0.0581486928175623
1 0.7225068770973125 0.3635548583172318 0.16606096370965484 0.059079526866320786
1 0.704742479072267 0.2677287292434508 0.16364496056800948 0.05884681835413105
1 0.8683051309312402 0.21905579949015513 0.16369983304070046 0.1091174673043056
2 0.7356746428847595 0.19647317613781237 0.0920067358059542 0.08545641525866071
2 0.6757192009840736 0.0803276724999625 0.1766558568666975 0.06967485668228923
0 0.8561428065139769 0.14341711755270403 0.1641103310506863 0.06367834143679366
0 0.8536170584269498 0.041246860067028296 0.16894233733397745 0.06414375846117296
2 0.616921598243711 0.5078367818037629 0.04368667297304607 0.08080224501486871
2 0.6240193009488988 0.5815258440252047 0.04205780647112378 0.06389118942460759
2 0.6381321184000237 0.6520988447659184 0.041825051417231696 0.06147470308233394
2 0.6328007426287001 0.7233274448358398 0.041825051417231585 0.061474703082333826
2 0.646448189597148 0.7890689224938914 0.046424302646630444 0.059523633764439254
2 0.652615011711875 0.853093488948123 0.041359680934555 0.05664317999967128
2 0.613259790373784 0.41918773330995474 0.07774347200997378 0.08647665052779702
1 0.5165061156104827 0.1615002904093764 0.1549118285918888 0.06758048007258277
