1 0.29425015107050545 0.1245540770335978 0.03407203353034444 0.03228018843211304
1 0.30111572221967897 0.18443434917423426 0.034003568212191804 0.02561381343013175
1 0.3036067035032956 0.2443944935257716 0.03528767855535653 0.028969321609680854
1 0.30672262619627766 0.3043432275614659 0.03528767855535664 0.028969321609680854
1 0.4023650148906977 0.12258009239276252 0.0327879129178954 0.02892368034630899
1 0.4643112340497999 0.1289497680366909 0.029055383358562892 0.030522062178310105
1 0.4061401167867633 0.18585110356673198 0.034037795736625964 0.02894650097799495
1 0.4642339946470872 0.18229017855587384 0.030236800859141044 0.02387850780801487
2 0.3932814035702903 0.2727600060097588 0.0542413065214884 0.04930975618465894
0 0.4254270364111884 0.3596812875287482 0.06405210228301833 0.031161039865516937
0 0.42677082771866137 0.4296633150618159 0.078006198974228 0.051410191913751235
0 0.43003223536173607 0.5037777210118746 0.07802331787108718 0.05307703564081023
2 0.41185735802879275 0.5599477964217101 0.07828004997755428 0.07807469201542128
2 0.41314124860118484 0.6240973707694537 0.06944528603142858 0.06958172886457925
2 0.4226007239166189 0.6930981422861605 0.054463811103521165 0.07097472501140678
2 0.4163938718904151 0.7582175623344217 0.06574698399653028 0.07451279824444357
2 0.41644498827165155 0.8240558011346553 0.06958221666773379 0.08291447886854186
1 0.5207944444405661 0.455449189697441 0.04285544078589243 0.035772620401777866
1 0.5214876211280272 0.5229428619088906 0.05026916375254814 0.027577325369108285
1 0.5171641579129909 0.58886197282628 0.04285544078589243 0.035772620401777866
1 0.5153062225416973 0.6514017550261793 0.04537232532021268 0.03748510539220884
1 0.5153059925016406 0.7122404625514905 0.04657086171764979 0.0325083947489726
1 0.5171720323758918 0.7722120172188707 0.0465708617176499 0.0325083947489726
1 0.5158705730958109 0.8280740141009457 0.0478378531639555 0.034197059201462654
1 0.5195600907768647 0.8830118065458751 0.04658797034522477 0.03417423856977675
3 0.5533429741889107 0.3990166770232171 0.07415385767544946 0.04134266746884896
1 0.527429636544806 0.31031444861873886 0.051604620517006206 0.03593236482357953
2 0.5257692123957852 0.209502311525736 0.06290491230687456 0.04113728178367537
2 0.6435320483597826 0.23402167224892603 0.028182044385745342 0.06716280419813853
1 0.6274031534156748 0.3068229542630582 0.04160555796716192 0.03574979977009196
3 0.633883396365091 0.39004544936708957 0.060319572723686044 0.03275942169751811
1 0.6463734401985519 0.44982302866513924 0.036503333849652875 0.025659454693503725
1 0.6439076823147525 0.5140410649079405 0.03527056992778166 0.027303477788876873
1 0.6383343260117014 0.5799819965507609 0.030253919756000225 0.025545351535073868
1 0.632692514659782 0.6392575530978548 0.03530479745221582 0.030636165336739962
1 0.6364162598652701 0.697528033090647 0.03402068710905115 0.02728065715719097
1 0.63143361744715 0.7601248668697613 0.030253919756000003 0.02554535153507409
