1 0.6660711257625612 0.14137209950883664 0.1370137459274301 0.06934343762226125
1 0.6352693894066621 0.2581632938061937 0.14564653569336272 0.06771370853911449
1 0.6205144894789378 0.36305253275231675 0.15379430501685099 0.05756609822076553
1 0.5993759567443521 0.46437435709937347 0.14941731894783805 0.05731686632128841
1 0.5820051112654522 0.5573665015625358 0.13409786770629362 0.05644455467311971
1 0.5668833500071048 0.6494191655343863 0.1276536437133846 0.058200177132704756
1 0.5510916260108655 0.7339582915906157 0.1276536437133851 0.058200177132704756
1 0.5368790962358058 0.810043121813212 0.12959969926518805 0.054067129891542165
0 0.297676910778856 0.13321088695218003 0.2379269357359468 0.0793347119278311
0 0.2963592392027471 0.25274849301205643 0.21726060301753675 0.0611799607631808
2 0.3227518442008402 0.30978681694873944 0.1766491307697673 0.0758454653351544
2 0.23627112805025496 0.4597182511669137 0.09335880287329726 0.10717877398476416
2 0.2266237681154818 0.5713061634870844 0.1002879745701313 0.11393975533368084
2 0.2183737561052304 0.677633346723473 0.09542604079719227 0.10517391962570188
2 0.22021440023296174 0.7802636385427837 0.10564112078309426 0.09302273237499092
2 0.04031333634687443 0.38501018941092563 0.08062667269374886 0.10116548833427774
2 0.03813434952429198 0.5034213910548825 0.07626869904858397 0.10730338993450239
2 0.03297570637258904 0.5993530095001454 0.06595141274517809 0.08952376404576734
2 0.031463458996701506 0.6868939175133444 0.06292691799340301 0.0807579283377885
2 0.03037556813869397 0.7615969731255712 0.06075113627738794 0.07637564919714901
