2 0.5095133355842809 0.7348064908098614 0.010828540405016462 0.018472135118177135
2 0.5320499932508809 0.7276976935722002 0.012058718456194217 0.018767768411747432
1 0.5787358939055056 0.7207113824722774 0.019561251273562008 0.012635358363927152
1 0.5825766857138722 0.7350300691460558 0.015870717120028743 0.011748458483216151
1 0.586306659382144 0.7485289651665292 0.016879258891016935 0.010404510470176542
1 0.5875762769480601 0.7626191277741435 0.018331073222384364 0.012339725070356744
0 0.5116731763769702 0.7038040511137419 0.019783020588733935 0.014275923812977931
0 0.5328474120769033 0.7148046464732812 0.020791429324739874 0.01293099165749756
0 0.5134971507133248 0.7219951352727623 0.02101319863991169 0.014571557106548227
4 0.6439436707650052 0.11315494856925057 0.2990053213935874 0.19563854155010385
