2 0.6099465154957263 0.362942067027074 0.06930221422608462 0.08153676613207844
2 0.6258594433198712 0.4093827643008666 0.06716190935597244 0.07760191159134217
2 0.46135434086293625 0.5481087467834331 0.029052614331108673 0.030112647806824544
2 0.47250348663369146 0.5838881922121999 0.028401970354884176 0.03110021604043689
2 0.48496404859362013 0.617933843632027 0.02840197035488423 0.031100216040437112
2 0.4950732666135266 0.6543658720955939 0.027751624310838663 0.03208876875860445
2 0.507262340135131 0.68949273448956 0.028401970354884398 0.031100216040437112
2 0.518706285277613 0.7223557436925148 0.03184296731308767 0.03305796514483861
2 0.5285673257925978 0.758033757878548 0.02052696848661195 0.023903430810253035
2 0.5386762458803256 0.7944648811629103 0.024464618386837444 0.0275023156676224
2 0.550663763763813 0.8251672787759969 0.02102362142863401 0.025544566563220905
2 0.5638694541028642 0.8614767833868352 0.020526968486612063 0.023903430810253035
2 0.4772171892159824 0.7602235256929004 0.030730946098614043 0.04193361430730158
2 0.49121433186878216 0.7951255278121995 0.035318942042885215 0.044543946446503835
2 0.5031549299532861 0.8294974707494268 0.028590939160680617 0.037999744251120404
2 0.5171287616726835 0.8662346981203985 0.027443940174612935 0.03734716121631987
2 0.5275327790643163 0.899750290358154 0.028590939160680673 0.03799974425112029
1 0.4674030684999811 0.7208759661827266 0.024618311488860956 0.024872627196487307
1 0.4299423585360152 0.7462041806872176 0.0313466123032442 0.03141781387642539
0 0.4578279887298611 0.7032211974584057 0.04923692090990073 0.0497462388775296
0 0.42554360658673784 0.7271217220405668 0.03478760926144753 0.03337556298082711
0 0.4448474628945082 0.6695018375559788 0.0539786099561953 0.04972688254559654
0 0.4128112582563065 0.6941563764156737 0.03543795530549315 0.032387010262659666
2 0.44201773913054443 0.6285017278488082 0.03138129214265978 0.040945061589134246
2 0.43362334650822393 0.5991857401172649 0.03268228216292968 0.038968940637354454
