3 0.5252449960749066 0.07265022945280339 0.21157382897329435 0.07273056550876925
0 0.5073095943085058 0.3218237036846805 0.17949731142302816 0.07183879710683722
0 0.5006307695479739 0.42778399796836575 0.17714497338723745 0.06950250730522733
0 0.504357167034174 0.3764550816567006 0.0811155518399922 0.06896170043498545
0 0.5068329345479554 0.26902407632379666 0.07075736151780865 0.07222198187715509
2 0.44938900205320975 0.5112633267089961 0.08727038084330546 0.11185345861212659
1 0.5180471902660104 0.6124442936433515 0.09387660647076779 0.09131552007013677
1 0.4298740161744058 0.5804912650872927 0.10238438165411207 0.045567063382937145
1 0.41786584588905673 0.6622659891246907 0.10298477496477365 0.051970558389600074
1 0.5036866819448707 0.696151724550248 0.08977232370984828 0.09304643547357982
1 0.4975587112160247 0.7730946208885643 0.07861360897344949 0.08776872357353227
1 0.40948560267619716 0.7400743431647285 0.10493555972751023 0.05003773046943183
1 0.47176326357360965 0.8514233836370513 0.0934763442636603 0.08704652339902819
1 0.3819142382381986 0.8257730148799621 0.10573608414172558 0.058575723811649105
1 0.46671075077790924 0.9284671151830604 0.08997245481340216 0.0951809338091344
1 0.37861237910168083 0.9072874135124662 0.10103269913609059 0.05390326525909872
1 0.44804582859229597 0.9837919873486655 0.08506893870421328 0.03241602530266907
1 0.36612785312790175 0.9780844726042985 0.11159102056182796 0.04383105479140281
1 0.6578671046962207 0.8807154715600202 0.07606113983410512 0.08329793543636832
1 0.5769245216131947 0.8526702790624832 0.10103269913609059 0.05390326525909872
1 0.6500872547940225 0.9521203305933952 0.08742127674000377 0.09071026672263949
1 0.5647414833606924 0.9247389253821937 0.10668750445263941 0.0459705252643785
1 0.5497297513839696 0.9849279090108427 0.0937768449911115 0.030144181978314477
1 0.6672691640707563 0.5489179272083373 0.12390128671269496 0.04758449384081509
1 0.656662215582404 0.662046338992714 0.11139088945827413 0.05064298381692922
1 0.629166944625728 0.7585184586440814 0.1315574030647816 0.06099673720163812
2 0.6239827973670491 0.4781082434922323 0.07626127093765878 0.08543243377192244
2 0.7085511042402577 0.36330141665416416 0.14782105607986928 0.07521602537601363
2 0.7270891025996269 0.24661009675386936 0.15387612360352565 0.0715522820524025
2 0.7612505467300354 0.7967418027098125 0.04413551818053707 0.06126297514494905
2 0.7525701068618451 0.8777519042531818 0.04118278683408516 0.05252319033667607
2 0.7337303167090787 0.95134967451028 0.04413551818053729 0.06126297514494916
2 0.754394346647923 0.7078151938417065 0.06725476313349665 0.08035651333793037
1 0.8615032739515772 0.4336270803922583 0.1659862586508385 0.06422479540517984
