0 0.8641642661956934 0.21942289421435668 0.17111959675095167 0.08134168557927002
0 0.893745662133432 0.2812682625229194 0.12501188215359127 0.07230008376719857
1 0.8653557737197269 0.3388932694158745 0.08405168205106128 0.06618869826892354
3 0.9298602705310807 0.40850167269037146 0.1161857630422578 0.06839688677337541
1 0.9026741313727433 0.4827987314056069 0.07915812633745056 0.05704169163736883
1 0.90822409363325 0.5501449898206165 0.07768907065916053 0.05508347508124867
1 0.9118133751157645 0.6171601397960167 0.07278445890377383 0.05378747540434736
1 0.9158941358980177 0.6831952005710056 0.07670582045975705 0.056393691798918066
1 0.9205936469705456 0.7448197389121811 0.07254141036436679 0.052152277845101236
1 0.9256687139939781 0.8003975763379458 0.06519569457302599 0.04235825229744694
1 0.9334279335927709 0.8654606373552589 0.06911705612900965 0.04496446869201787
2 0.7726035116314431 0.872276344809171 0.0734910550385518 0.07439213922433818
2 0.7633750905543963 0.8059020861518376 0.07937891699334187 0.0743779221835702
2 0.7582008300447578 0.7325101077437683 0.07521436109798785 0.07013552730740213
2 0.7476303326800309 0.6613932372906609 0.0774237642362382 0.06914931050895823
2 0.7340056548099267 0.5825883407648635 0.07350225688029133 0.06654211319203618
0 0.7292838858538833 0.537960835087545 0.1463312315510955 0.08892752262247239
0 0.7154161594443723 0.45752074100250206 0.14928069054937865 0.08499491062476178
2 0.6877240367028224 0.35694580409083565 0.1215318103094638 0.10436436662032827
2 0.6799927488083963 0.270637187935465 0.1323129363779375 0.11349519436641264
2 0.653979416359252 0.19850370475767487 0.09139739784240186 0.07598272381657778
