2 0.8220743316270098 0.06770329650851505 0.2609495218976642 0.1354065930170301
2 0.8779110532901622 0.14478576981014157 0.24417789341967555 0.23354521412609153
2 0.9103713327192917 0.24812324920654436 0.17925733456141657 0.21907073997436838
2 0.9430197400925544 0.3547503619653972 0.11396051981489119 0.20522173853068004
1 0.5438642603458808 0.33634661214088557 0.09774515692620367 0.07177414449457564
1 0.5739339140581673 0.4099633854117217 0.10406418889330271 0.08687409135433455
1 0.6172638975818838 0.48743212125887014 0.10880322591677494 0.0981984852794569
1 0.6652210970660202 0.558319532045886 0.1173429435409783 0.10512185356190817
1 0.7060143043871233 0.6053339571397278 0.10786486949403318 0.0824730657116628
1 0.41735052375323695 0.3942023785902159 0.08540381089386506 0.06924953697600955
1 0.45749327297949194 0.46059191821535145 0.09046319327407731 0.07459786514516031
1 0.4379888683048544 0.5720635696343052 0.12366197550807684 0.1202218004216673
1 0.29007545581009697 0.4545623166805788 0.09204318821770324 0.07837341807979725
1 0.3309795363868484 0.5184476846646818 0.08508251772972136 0.07522333785319651
1 0.47804798868567094 0.6257988729241284 0.0986825655415412 0.0874972991835844
1 0.4652894319468729 0.6978723283596928 0.08382381595023941 0.06547398404137406
1 0.5794169389490404 0.6505354872537452 0.08888414613785633 0.07082457708931034
1 0.3452149387477671 0.3165401741783084 0.0888841461378565 0.07082457708931039
1 0.5509452900927186 0.014243953885855604 0.0907844864382219 0.02848790777171121
1 0.621045871968207 0.11730918730820107 0.08572415625060481 0.06327347122003837
