1 0.705625 0.2925 0.07625000000000004 0.048333000000000015
1 0.691875 0.385 0.08124999999999993 0.046667000000000014
1 0.686875 0.4675 0.08624999999999994 0.038333000000000006
1 0.678125 0.5475 0.08374999999999999 0.03833299999999995
1 0.67125 0.620833 0.07499999999999996 0.03833299999999995
1 0.6656250000000001 0.693333 0.07124999999999992 0.040000000000000036
1 0.659375 0.76 0.07124999999999992 0.040000000000000036
1 0.6537499999999999 0.82 0.07250000000000001 0.036667000000000005
0 0.495625 0.3025 0.13374999999999998 0.05166700000000002
0 0.49875 0.395833 0.12250000000000005 0.038333000000000006
2 0.515625 0.439167 0.0987499999999999 0.05166700000000002
2 0.47124999999999995 0.56 0.0500000000000001 0.07999999999999996
2 0.469375 0.6475 0.05375000000000002 0.08499999999999996
2 0.468125 0.730833 0.05125000000000002 0.07833299999999999
2 0.4725 0.810833 0.057499999999999996 0.06833299999999998
2 0.35187500000000005 0.510833 0.05374999999999991 0.07499999999999996
2 0.354375 0.6033329999999999 0.05125000000000002 0.07999999999999996
2 0.35562499999999997 0.678333 0.043749999999999956 0.06666700000000003
2 0.358125 0.746667 0.04124999999999995 0.06000000000000005
2 0.36 0.805 0.03999999999999998 0.05666700000000002
1 0.23124999999999996 0.20166699999999999 0.08499999999999996 0.063333
1 0.23812500000000003 0.318333 0.08125000000000004 0.06
1 0.24812500000000004 0.416667 0.08624999999999994 0.05333300000000002
1 0.25125 0.5075 0.07499999999999996 0.044999999999999984
1 0.26125 0.595 0.07499999999999996 0.046667000000000014
1 0.26812499999999995 0.6775 0.07125000000000004 0.04500000000000004
1 0.27062500000000006 0.753333 0.06874999999999998 0.046667000000000014
