2 0.10854163701067637 0.3202846975088966 0.1957302491103201 0.10676156583629892
2 0.11209893238434172 0.4928825622775801 0.2028469750889678 0.11032028469750893
2 0.12811316725978625 0.6530249110320289 0.19217081850533807 0.10320284697508897
2 0.12633451957295375 0.8202846975088968 0.19573024911032014 0.11032028469750887
2 0.11387971530249114 0.9644128113879004 0.19928754448398595 0.07117437722419928
1 0.10498202846975094 0.13701067615658374 0.20996405693950188 0.08185053380782939
0 0.10498202846975094 0.044483985765124655 0.20996405693950188 0.08185053380782938
2 0.3202839857651245 0.019572953736654804 0.14234946619217065 0.03914590747330961
2 0.32206476868327405 0.1476868327402131 0.14590676156583646 0.07473309608540928
2 0.3060505338078292 0.2900355871886122 0.1281138790035587 0.0676156583629895
2 0.30071245551601417 0.421708185053381 0.15302562277580067 0.06761565836298977
2 0.3060505338078293 0.5658362989323844 0.14946619217081827 0.0782918149466193
2 0.30960782918149476 0.693950177935943 0.14234946619217081 0.07117437722419928
