3 0.5377353379218927 0.015478019968975989 0.15376594021811396 0.030956039937951978
3 0.5410107407182116 0.03796142749058534 0.18087966012835566 0.055496814414019435
3 0.5583396440419455 0.12296104462235724 0.17460450804331262 0.06461872980749499
3 0.7186493575093422 0.027658702774797938 0.17712831266096718 0.055317405549595876
3 0.8957537072765055 0.08347968833814708 0.16166151674241402 0.06047544545286013
3 0.7256865043383394 0.0976228305534703 0.17615601910567058 0.05737141380629626
3 0.9080004474471246 0.15886972901602475 0.15661390750710458 0.05982724974932893
3 0.738743553957943 0.17932288753640832 0.1461945263651494 0.056006548963688785
3 0.5680625795949102 0.19867518315200033 0.14496717797412684 0.06577817434346575
3 0.5807954665431776 0.27785093075636 0.13829894984084967 0.052509946029814014
3 0.7470424086370566 0.2539361631612598 0.1389472751835208 0.057558564786970634
3 0.9114138714559525 0.23539411217508147 0.1389472751835209 0.05755856478697069
3 0.9111692131855165 0.3034097817850355 0.13674743877849116 0.05975726203101278
3 0.7502938485395717 0.32919914877241274 0.1360993078945305 0.05471015755662684
3 0.5775752163365326 0.3526612491662523 0.13389966594821123 0.05691036908343966
3 0.914906605406969 0.38245696003990004 0.13422363416083616 0.05943316417924732
3 0.7570068326972335 0.4014516782273392 0.12128064285993745 0.055289879824612254
2 0.9291395189493414 0.6730875671184331 0.08258910679361742 0.08258866685226385
2 0.9377281768406972 0.739968894247208 0.08161681323832082 0.07501725299929962
2 0.7697363554235663 0.6204429576953185 0.0873816611932009 0.10057990178853626
2 0.7814384320049288 0.7215576960883157 0.090553596694816 0.10595110411468789
2 0.5771514489506246 0.6490221502818605 0.09333265060690787 0.08893367701648247
2 0.591632384985368 0.7318215558868196 0.0908088459892532 0.08860957916471723
0 0.7951847004114561 0.5389300516930549 0.1720807034256575 0.06429463195572971
0 0.6223386380199093 0.5713885266964163 0.17777663800363896 0.06999144641641719
0 0.6189837308226902 0.4653537388957577 0.16800538774564455 0.07121785010516302
1 0.9509973532862923 0.543391346258377 0.09800529342741537 0.057234466935205175
2 0.39727496817395014 0.3270727227244773 0.16742617023858264 0.08603657995932612
2 0.4110490620544128 0.43433391421388146 0.15830324532326012 0.09231160240522845
2 0.4286088628613579 0.5411089589256374 0.17499758409154703 0.08700887351462255
2 0.44600667956199036 0.6466226060894895 0.1667780393546221 0.08098947548494018
