1 0.8338787747967231 0.639047162950958 0.021225797929245283 0.02162646591856887
1 0.875000073421403 0.6795792217082042 0.021775853801265677 0.018414065565273363
1 0.8468544231815269 0.6663830242486493 0.01684818132082666 0.015233634653524342
1 0.820869387554112 0.6547775766150041 0.01684818132082666 0.015233634653524564
1 0.8726710240266728 0.7004124042123417 0.01745426089223312 0.018795745310168144
1 0.8440987804974212 0.6861510911219697 0.015692045877399585 0.01488392435017638
1 0.8176871515806302 0.6734805278575076 0.017757391598964167 0.020577335008525433
1 0.8706449234966183 0.7194650657581927 0.019463582914411526 0.017714644958577552
1 0.8407648882495463 0.705745371583687 0.018610396335660306 0.019145455613516105
1 0.8137753734530975 0.6928988844274799 0.018913527042391243 0.02092704531187317
