2 0.4581675372736721 0.04584930703779733 0.07304440211284685 0.0773380319333819
2 0.4314447198970117 0.13040568368129793 0.06765995417673581 0.07528859526365407
2 0.40611497253403706 0.2128936437965821 0.07004611120559151 0.0768319772938553
2 0.3812528752240685 0.2884968015025501 0.07065824508399093 0.07579464990318047
2 0.3596396279218112 0.3623713190926354 0.06411190787582288 0.0701271764219022
2 0.34168376335242734 0.4296547415905214 0.06530498639025084 0.07089886743700263
2 0.3213502914808335 0.4962125421685236 0.0659174687657324 0.06986262524033265
2 0.30217836038421436 0.5594983206004416 0.05937113155756435 0.0641951517590541
2 0.2803972927466743 0.620854871494608 0.06472439025130453 0.06909093422523205
2 0.4087974567824993 0.8882774124467808 0.06379792446961963 0.09858412322237431
2 0.43539744792788726 0.8170577443143309 0.06263603519756267 0.09496608641082416
2 0.4642575087139612 0.7506064295581353 0.06560313686244712 0.09831848684680078
2 0.48952354717350766 0.6794328305209021 0.07444136637819382 0.11406620935962142
2 0.522217645681823 0.6003253417831371 0.07802060192147747 0.11638128240492329
2 0.554099618812481 0.5216497676481391 0.07382888400271215 0.11510245155629117
2 0.5860994781017456 0.43893048035195675 0.07905634023572183 0.13138036162625555
2 0.6237898521014417 0.34389283207690985 0.08679575595831768 0.1378195261226347
2 0.6588119722323726 0.24894830369711074 0.0908616714163526 0.15048048457505278
2 0.697840890493494 0.1445725726817953 0.09379723534178352 0.1566781456134746
2 0.5798166604869351 0.12443793092378423 0.06740834925527461 0.09805285047122661
2 0.551238063116249 0.20865453115495125 0.06966905232048204 0.11097944529921877
2 0.5951633885153982 0.055225280888146766 0.08546186717187731 0.09540082749150439
0 0.4950571441640611 0.27969098569800355 0.11122291457454053 0.10203214441660219
0 0.46154598020542226 0.3685233843884015 0.11944866171480567 0.11881610912609286
1 0.44609514074510453 0.41390370665006915 0.10586965588080055 0.09713636195042447
2 0.40910818911562696 0.49396912619343053 0.09378187903341961 0.10364792519965416
2 0.3823311944837884 0.5712548549200649 0.08549305641424837 0.0925544816950542
2 0.3545105452355813 0.6477688926315983 0.08313843712484548 0.08816583906240771
2 0.33011574948153644 0.7164882296330648 0.08313843712484564 0.0881658390624076
2 0.30479059369414574 0.7896841761032973 0.08246322776753973 0.09489368765797324
1 0.590363286962831 0.7312732730268254 0.07711031757088171 0.08999899038579995
1 0.5660322001122142 0.7886782489502406 0.0813016869925649 0.09127673604042719
1 0.5371179620709622 0.84785891578957 0.09316974515502024 0.1046852525903289
1 0.516035725228057 0.9035352515971025 0.09252607353716752 0.10856784058344915
1 0.4951846691267805 0.9536448954791217 0.08894683799388364 0.09271020904175653
1 0.75931607135113 0.2757528128111962 0.08558732113552558 0.08401761469371347
1 0.7326615544534818 0.3397028147315941 0.08023441093886785 0.07912291742154043
1 0.707400107569519 0.4015844001237756 0.07897825694553307 0.08404174761133038
1 0.6801104687806638 0.45990025605275636 0.08375057100324523 0.08712851167173297
1 0.6557202646022028 0.5193275794091713 0.07842885004895783 0.07938746860310975
1 0.6353322669783485 0.5786157137751216 0.08323270184612308 0.0796289720610669
