2 0.30775069890085033 0.13523892147961106 0.06614269219889835 0.05669494696153392
2 0.32180803133798913 0.22157658705754749 0.06762692648791713 0.050799770608770445
2 0.3370997202761248 0.3033429432138466 0.06173741076371103 0.05082123838128422
2 0.3526414322594405 0.38249523876492164 0.06419007452648484 0.05146682575108569
2 0.365496216159706 0.4564081886865389 0.06517426272514337 0.05015418323896881
2 0.38031952171444683 0.5264056599098248 0.05880045963548075 0.046904778617447684
2 0.39527973046403464 0.5887223461598887 0.06002679151686752 0.04722757230234831
2 0.40790827466363366 0.6525018473455104 0.061011124972684405 0.04591591085573665
2 0.4200526767549343 0.7130114572026021 0.05463732188302173 0.04266650623421542
2 0.4291312491427678 0.7743280512719455 0.05978479309129753 0.04559311717083603
2 0.6572095059738042 0.8561464648308426 0.05137914293322865 0.07637967931576017
2 0.6477836946725193 0.783879194459747 0.05089485556777207 0.07310880692172506
2 0.64239987665375 0.713095225731218 0.05358966301327417 0.07538983048854409
2 0.6318687326838632 0.6419679766107794 0.06018970580360339 0.08812709647625971
2 0.6240561795039921 0.5590830669763371 0.0638687014477638 0.08909547753096181
2 0.6157514595962124 0.4771767817501015 0.059205372347786445 0.08943875792287126
2 0.6057362656987476 0.3923233988802367 0.061384229720866657 0.10415474049951379
2 0.5950105447351597 0.29406569488034096 0.06898436469191604 0.10772693880593565
2 0.5820743036915265 0.1980890144472643 0.07067907995669787 0.11917303005404822
2 0.5682986570065329 0.09214028212064237 0.07263169762911115 0.12440115126449641
2 0.4596652727632888 0.1759470574014792 0.05580018309331969 0.07439998166132811
2 0.4732384630921292 0.2590148316508857 0.05528437827805577 0.08683592173665655
2 0.44163923431023394 0.1144373553636672 0.07790596492240687 0.06450541765118806
0 0.457613807330803 0.3557136062716641 0.10686954669229698 0.061129168525594246
0 0.4690895974299311 0.4461291284558875 0.11248525602680937 0.07517809595992148
1 0.47636033470264977 0.4909329069091206 0.10172207548402123 0.0582025575889738
2 0.4809781796038169 0.5780570699923002 0.08574809831902652 0.06971207108912258
2 0.4929697745182089 0.6547454773615919 0.07864800943833722 0.06155733894205373
2 0.503735037551214 0.7317566784157845 0.0769375354486519 0.057964653928623044
2 0.5139030386255874 0.8004312637734493 0.07693753544865184 0.057964653928623155
2 0.525289492218896 0.873032552248455 0.07446896770381634 0.06517149172799819
1 0.7401887684679965 0.5947692742220897 0.06932164175269873 0.062245861856882856
1 0.7453462015289412 0.655418813149118 0.07398482559551811 0.06190160039946835
1 0.7474299255239665 0.7211248330906397 0.08476391012036799 0.07102471360123941
1 0.7545558802393866 0.7778588933193364 0.08303753214862075 0.07528445375698534
1 0.7624161453654431 0.8352497653368443 0.07935853650446023 0.07431607270228335
1 0.6789048731418449 0.13352855775068978 0.08087443350044432 0.05271506494566104
1 0.6850307356765444 0.200718860400283 0.07572710754932666 0.04978943507454564
1 0.691406621256424 0.26529510244465215 0.0730163961217628 0.05536083667690339
1 0.6944745334501083 0.32904289250425567 0.07792172364731054 0.056652011416506276
1 0.7004872761344745 0.39116647078585104 0.07351644221212317 0.05077830283625662
1 0.7098158715674883 0.44986900424997034 0.07916395951075927 0.0491223799322304
