1 0.9654176378079549 0.534000468678429 0.06916472438409027 0.12342994981414068
1 0.9556125422279564 0.41992157055753077 0.08877491554408701 0.12809459832600711
1 0.9490528694817719 0.30857092719279944 0.10189426103645616 0.12692843619804045
2 0.9332548027828697 0.09165348954297153 0.1334903944342607 0.14386240991321309
2 0.8769267680445726 0.5680451965508613 0.08532788700655725 0.1063127403486378
2 0.8796068474573153 0.652703692391837 0.07716776616070364 0.08688428670578396
2 0.8918035020380429 0.7348620375406303 0.07600173483462491 0.08410807958915123
2 0.8783442497151727 0.8148941857095152 0.07600173483462491 0.08410807958915112
2 0.8903651812624447 0.8915017820162353 0.08123871402053562 0.08366419672845171
2 0.8926937618860946 0.9628892247041665 0.0736703716613668 0.07422155059166702
2 0.8801225300434541 0.46691960206075944 0.13131499191656848 0.12541521725680416
1 0.7760563267300862 0.1602547783808292 0.22414111869313913 0.13336695076151273
