2 0.3778469597549962 0.5640848586041792 0.17767896210005452 0.11593993690207016
2 0.3673139362193907 0.6499364458533521 0.16108654565256292 0.12189421133659772
2 0.36052548026977826 0.7316634557624525 0.16800519264266178 0.11751099890202865
2 0.35891429827692317 0.816193836798381 0.16525042172172388 0.11470018818409389
2 0.5710190451264472 0.5832631326607863 0.16525042172172405 0.11470018818409389
2 0.5706150682425122 0.6667915423914497 0.16525042172172427 0.11470018818409378
2 0.5623739444101573 0.7517538313043421 0.17175770579842004 0.11643671639234554
2 0.561253540716733 0.8318189366598931 0.18201715148451858 0.11709762237423826
1 0.7929001013083233 0.5907772333934905 0.10481485312741401 0.06119530498073833
1 0.7845361724649498 0.6768568460139843 0.10991338360224223 0.07293800677610462
1 0.7750876962754599 0.7628224459488173 0.10065097705825288 0.06838932813324228
1 0.7635929304047571 0.8474426968047291 0.10498916644271628 0.06954701360540982
0 0.972682578890251 0.6449118083185782 0.05463484221949799 0.08542329693377515
0 0.9697355393942574 0.7347726205054875 0.06052892121148523 0.08244702000754733
0 0.9651578818673855 0.8208508934093053 0.06968423626522902 0.08079255504510463
0 0.9602871368288751 0.9067024806584782 0.07942572634224976 0.08244702000754767
