0 0.8526753332777682 0.08693585857747307 0.29464933344446353 0.09543021117081708
0 0.8985153705581171 0.17398949274086956 0.2029692588837657 0.0876321415530189
1 0.8544900277303231 0.24973755299083386 0.15078452351468796 0.08337727588807115
3 0.9307439240665396 0.35071099506415193 0.1385121518669209 0.0831166850121266
1 0.9118984486960515 0.4492774562578665 0.1424175227012351 0.07115763996949581
1 0.9171321538740609 0.54151762552255 0.13984445122349154 0.06858533886469864
1 0.9188297566644257 0.6331189128002033 0.13084618462840092 0.0672908017339614
1 0.921490196184122 0.7234326997854688 0.13791838940368983 0.0705103714041273
1 0.9255912460995928 0.8077998356927781 0.13052248561886037 0.0650407851718593
1 0.9308090132207284 0.8839689542200393 0.11765654568843242 0.05217523042790484
1 0.9389268887274408 0.9728072191541084 0.12214622254511842 0.0543855616917831
2 0.6477268683562583 0.9596144963729719 0.13055416755203886 0.08077100725405617
2 0.6357444632319309 0.8759032262173015 0.14147849596693018 0.09525650436728483
2 0.6316276694401556 0.7754663893125597 0.13408239800153066 0.08978556839502738
2 0.6175495781433893 0.6776102400909536 0.13825802647010488 0.08818417013828306
2 0.5984790301868997 0.5689921589628408 0.13118562751424645 0.08496325072812805
0 0.5931152545275826 0.5077684080219553 0.2645572636303385 0.10855635679071568
0 0.5737210075615518 0.3969003103317406 0.270335060728604 0.10277855969245098
2 0.5306744346696614 0.25728827113486663 0.21734824011986342 0.13260760119845255
2 0.522843848018882 0.13901716809461628 0.2366391809870675 0.1441940422283575
2 0.48080005408879223 0.04320867281745829 0.16365046344511502 0.08641734563491658
